[{"tf": [[0.9993612170219421, -0.0357351116836071, -9.739559754962102e-05, 1.3258315324783325], [0.03573513403534889, 0.9993612766265869, 0.0002249678800581023, -1.3454946279525757], [8.929413161240518e-05, -0.00022830459056422114, 1.0, 0.21133925020694733], [0.0, 0.0, 0.0, 1.0]], "cuboid": [0.5280464291572571, 0.17866303026676178, 0.32652780413627625]}, {"tf": [[0.993584930896759, -0.10987747460603714, -0.02675570175051689, 1.3814305067062378], [0.10984697192907333, 0.9939451217651367, -0.002611739793792367, -1.338712215423584], [0.026880668476223946, -0.00034404743928462267, 0.9996386170387268, 0.5658096671104431], [0.0, 0.0, 0.0, 1.0]], "cuboid": [0.5074939131736755, 0.1767023205757141, 0.3198423683643341]}, {"tf": [[0.99955815076828, 0.012686489149928093, -0.026880795136094093, 1.368923544883728], [-0.012771069072186947, 0.9999140501022339, -0.002977171912789345, -1.3635088205337524], [0.026840712875127792, 0.0033191528636962175, 0.9996342658996582, 0.9185717105865479], [0.0, 0.0, 0.0, 1.0]], "cuboid": [0.5387942790985107, 0.17849113047122955, 0.33782315254211426]}, {"tf": [[0.999626100063324, 0.004984310362488031, -0.026883771643042564, 1.283089518547058], [-0.005061058793216944, 0.9999833703041077, -0.0027875436935573816, -1.3676007986068726], [0.026869429275393486, 0.0029225617181509733, 0.9996346831321716, 1.2706037759780884], [0.0, 0.0, 0.0, 1.0]], "cuboid": [0.5536919832229614, 0.17874762415885925, 0.3406841456890106]}, {"tf": [[0.9974403977394104, 0.06624849140644073, -0.026903748512268066, 1.1383328437805176], [-0.06634638458490372, 0.9977927803993225, -0.0027616473380476236, -1.351806640625], [0.026661409065127373, 0.004539544694125652, 0.9996342658996582, 1.6199387311935425], [0.0, 0.0, 0.0, 1.0]], "cuboid": [0.5476953387260437, 0.1816541999578476, 0.3353874385356903]}, {"tf": [[0.9987123012542725, 0.04298736900091171, -0.026937438175082207, 1.149112582206726], [-0.04307729750871658, 0.9990679621696472, -0.0027671868447214365, -1.357256531715393], [0.02679337188601494, 0.003924016375094652, 0.9996333122253418, 1.975960612297058], [0.0, 0.0, 0.0, 1.0]], "cuboid": [0.5410248041152954, 0.1809958815574646, 0.3456282615661621]}, {"tf": [[0.999636709690094, -7.647409074706957e-05, -0.026952626183629036, 1.1969901323318481], [3.056875812035287e-06, 0.9999962449073792, -0.0027239660266786814, -1.364933729171753], [0.02695273607969284, 0.0027228936087340117, 0.9996329545974731, 2.337477684020996], [0.0, 0.0, 0.0, 1.0]], "cuboid": [0.5511133074760437, 0.18710070848464966, 0.3663007318973541]}, {"tf": [[0.9997513890266418, -0.022297976538538933, 7.037164778012084e-06, 1.2504675388336182], [0.02229798026382923, 0.9997513890266418, -0.00010498359188204631, -1.135502576828003], [-4.694492872658884e-06, 0.00010511440632399172, 1.0, 0.21779802441596985], [0.0, 0.0, 0.0, 1.0]], "cuboid": [0.5370321869850159, 0.17920751869678497, 0.33827856183052063]}, {"tf": [[0.9986553192138672, -0.05184124410152435, -1.7262942719753482e-07, 1.3430962562561035], [0.05184124410152435, 0.9986553192138672, -0.0001643275609239936, -1.1380547285079956], [8.691342372912914e-06, 0.0001640976406633854, 1.0, 0.5668656229972839], [0.0, 0.0, 0.0, 1.0]], "cuboid": [0.5538262128829956, 0.18941722810268402, 0.32029134035110474]}, {"tf": [[0.9980580806732178, -0.06228964030742645, -1.2449673931769212e-06, 1.3549339771270752], [0.062289636582136154, 0.9980580806732178, -0.00010219133400823921, -1.149789571762085], [7.608010946569266e-06, 0.00010191533510806039, 1.0, 0.9130032658576965], [0.0, 0.0, 0.0, 1.0]], "cuboid": [0.5011496543884277, 0.17929711937904358, 0.3357199430465698]}, {"tf": [[0.9999399185180664, 0.010959489271044731, -1.040456595546857e-06, 1.3695037364959717], [-0.010959489271044731, 0.9999399185180664, -2.6840150894713588e-05, -1.1812528371810913], [7.462397206836613e-07, 2.6849942514672875e-05, 1.0, 1.2607951164245605], [0.0, 0.0, 0.0, 1.0]], "cuboid": [0.5289788842201233, 0.18396475911140442, 0.341198593378067]}, {"tf": [[0.9976863861083984, 0.06795363873243332, -0.0020486083813011646, 1.2480360269546509], [-0.06788691878318787, 0.9941878914833069, -0.08355800807476044, -1.1596157550811768], [-0.0036413692869246006, 0.08350376039743423, 0.9965007901191711, 1.6276872158050537], [0.0, 0.0, 0.0, 1.0]], "cuboid": [0.5616487264633179, 0.1885852962732315, 0.34348466992378235]}, {"tf": [[0.9990746378898621, 0.042960718274116516, -0.0020213311072438955, 1.2386223077774048], [-0.04297928512096405, 0.9955742955207825, -0.08357357978820801, -1.1650142669677734], [-0.001577995833940804, 0.08358313143253326, 0.9964995384216309, 1.982022762298584], [0.0, 0.0, 0.0, 1.0]], "cuboid": [0.545535683631897, 0.18169113993644714, 0.33381953835487366]}, {"tf": [[0.9999984502792358, -0.0002038741367869079, -0.001772838644683361, 1.2529869079589844], [6.53996248729527e-05, 0.9969720840454102, -0.07776076346635818, -1.165485143661499], [0.001783324172720313, 0.07776053249835968, 0.9969704747200012, 2.329402208328247], [0.0, 0.0, 0.0, 1.0]], "cuboid": [0.5429267287254333, 0.17961616814136505, 0.3577943444252014]}, {"tf": [[0.9997380971908569, 0.022886481136083603, -1.518551380286226e-05, 1.1829603910446167], [-0.022886482998728752, 0.9997380971908569, -3.174482480972074e-05, -0.9410232901573181], [1.4455007658398245e-05, 3.2084051781566814e-05, 1.0, 0.21731434762477875], [0.0, 0.0, 0.0, 1.0]], "cuboid": [0.5478615164756775, 0.17949849367141724, 0.33928534388542175]}, {"tf": [[0.9982479810714722, -0.059167876839637756, -0.00025734686641953886, 1.2937768697738647], [0.05916781723499298, 0.9982481002807617, -0.00019291182979941368, -0.952134370803833], [0.0002683101629372686, 0.0001773472031345591, 0.9999998807907104, 0.5746465921401978], [0.0, 0.0, 0.0, 1.0]], "cuboid": [0.539183497428894, 0.18309341371059418, 0.34589892625808716]}, {"tf": [[0.9950528740882874, -0.0993461087346077, -0.00031411388772539794, 1.3126444816589355], [0.09934606403112411, 0.9950529336929321, -0.00018717219063546509, -0.9599481225013733], [0.0003311547916382551, 0.00015504025213886052, 0.9999999403953552, 0.9267555475234985], [0.0, 0.0, 0.0, 1.0]], "cuboid": [0.5143049955368042, 0.18063828349113464, 0.3290562331676483]}, {"tf": [[0.9998011589050293, 0.019938960671424866, -0.000346290209563449, 1.3062472343444824], [-0.019938891753554344, 0.9998011589050293, 0.00020114074868615717, -0.994286060333252], [0.0003502319159451872, -0.0001941961090778932, 0.9999998807907104, 1.2764734029769897], [0.0, 0.0, 0.0, 1.0]], "cuboid": [0.5617714524269104, 0.18301737308502197, 0.33763742446899414]}, {"tf": [[0.9976930022239685, 0.0678853690624237, -0.00037923341733403504, 1.2488747835159302], [-0.0678853839635849, 0.9976930618286133, -2.1757787180831656e-05, -0.9582146406173706], [0.0003768815367948264, 4.745199476019479e-05, 0.9999998807907104, 1.6334866285324097], [0.0, 0.0, 0.0, 1.0]], "cuboid": [0.5482048392295837, 0.1844552606344223, 0.3437868654727936]}, {"tf": [[0.999767005443573, 0.02157939225435257, -0.0003642474766820669, 1.3043349981307983], [-0.021579410880804062, 0.9997670650482178, -4.5967186451889575e-05, -0.9670664072036743], [0.0003631706931628287, 5.3816725994693115e-05, 0.9999999403953552, 1.9897526502609253], [0.0, 0.0, 0.0, 1.0]], "cuboid": [0.5403732061386108, 0.17939254641532898, 0.3393954932689667]}, {"tf": [[0.9999998807907104, -0.00016858750313986093, -0.0003587569808587432, 1.1894856691360474], [0.0001685713796177879, 1.0, -4.495906614465639e-05, -0.9668866395950317], [0.0003587645769584924, 4.48985883849673e-05, 0.9999998807907104, 2.3420794010162354], [0.0, 0.0, 0.0, 1.0]], "cuboid": [0.5552871823310852, 0.18679453432559967, 0.3653363883495331]}, {"tf": [[0.9991543292999268, 0.04111754894256592, -1.5745023119961843e-05, 1.2253026962280273], [-0.04111754894256592, 0.999154269695282, 4.092864037374966e-05, -0.7403521537780762], [1.741459345794283e-05, -4.0246628486784175e-05, 1.0, 0.21418727934360504], [0.0, 0.0, 0.0, 1.0]], "cuboid": [0.5366995930671692, 0.1817125827074051, 0.3334504961967468]}, {"tf": [[0.9986822009086609, -0.051320880651474, -2.3921502361190505e-06, 1.3058634996414185], [0.051320880651474, 0.9986822009086609, -8.226948557421565e-05, -0.7431528568267822], [6.6111406340496615e-06, 8.20383065729402e-05, 1.0, 0.5655484199523926], [0.0, 0.0, 0.0, 1.0]], "cuboid": [0.5057530403137207, 0.18042242527008057, 0.3220706582069397]}, {"tf": [[0.9982447624206543, -0.05922393873333931, -0.00011945446749450639, 1.280276894569397], [0.05922393500804901, 0.9982447624206543, -3.65922533092089e-05, -0.7700423002243042], [0.00012141191837145016, 2.9453458409989253e-05, 1.0, 0.9209181666374207], [0.0, 0.0, 0.0, 1.0]], "cuboid": [0.54029381275177, 0.1820860356092453, 0.33995479345321655]}, {"tf": [[0.999801516532898, 0.019926074892282486, -0.00013967551058158278, 1.321730136871338], [-0.019926084205508232, 0.999801516532898, -6.882134039187804e-05, -0.8089749217033386], [0.0001382764457957819, 7.159086817409843e-05, 1.0, 1.271878719329834], [0.0, 0.0, 0.0, 1.0]], "cuboid": [0.5503071546554565, 0.18560627102851868, 0.3284452259540558]}, {"tf": [[0.9993723630905151, 0.03542285040020943, -0.00034634096664376557, 1.214463233947754], [-0.03542430326342583, 0.9993537664413452, -0.006095679942518473, -0.730600118637085], [0.00013019080506637692, 0.006104122381657362, 0.9999812841415405, 1.6193350553512573], [0.0, 0.0, 0.0, 1.0]], "cuboid": [0.5444289445877075, 0.1819775402545929, 0.325668603181839]}, {"tf": [[0.9987688660621643, 0.04960434138774872, -0.00036764563992619514, 1.246728539466858], [-0.04960567504167557, 0.9987492561340332, -0.006255944725126028, -0.7685478329658508], [5.6863795180106536e-05, 0.006266480311751366, 0.9999803900718689, 1.9702774286270142], [0.0, 0.0, 0.0, 1.0]], "cuboid": [0.5618911385536194, 0.1856055110692978, 0.3394449055194855]}, {"tf": [[0.9999999403953552, -0.00016609833983238786, -0.00035741081228479743, 1.2552030086517334], [0.0001638170942896977, 0.9999796748161316, -0.006373288109898567, -0.7818625569343567], [0.0003584621590562165, 0.006373228505253792, 0.9999796152114868, 2.3182785511016846], [0.0, 0.0, 0.0, 1.0]], "cuboid": [0.5557635426521301, 0.17911793291568756, 0.35667532682418823]}, {"tf": [[0.9996116161346436, 0.027867598459124565, -6.598882464459166e-05, 1.264136791229248], [-0.027867604047060013, 0.9996116757392883, -0.0001232637296197936, -0.529710054397583], [6.252813182072714e-05, 0.00012505480844993144, 1.0, 0.211543008685112], [0.0, 0.0, 0.0, 1.0]], "cuboid": [0.5624526143074036, 0.17926569283008575, 0.32908403873443604]}, {"tf": [[0.9997468590736389, -0.022495262324810028, -7.950121653266251e-05, 1.2723299264907837], [0.022495247423648834, 0.9997469186782837, -0.0001876989845186472, -0.5431178212165833], [8.37034240248613e-05, 0.0001858631003415212, 1.0, 0.5551090240478516], [0.0, 0.0, 0.0, 1.0]], "cuboid": [0.5404489040374756, 0.18234623968601227, 0.3300502300262451]}, {"tf": [[0.9982975721359253, -0.05832558497786522, -0.0001865918020484969, 1.2385720014572144], [0.05832551047205925, 0.9982976317405701, -0.0003584426885936409, -0.5519227981567383], [0.00020718053565360606, 0.0003469494404271245, 0.9999999403953552, 0.900736391544342], [0.0, 0.0, 0.0, 1.0]], "cuboid": [0.5480698943138123, 0.18732187151908875, 0.33048608899116516]}, {"tf": [[0.9998006224632263, -0.017714498564600945, -0.00921491626650095, 1.2573765516281128], [0.018917322158813477, 0.98802250623703, 0.15314611792564392, -0.5916299223899841], [0.006391637958586216, -0.15328992903232574, 0.9881606101989746, 1.2605891227722168], [0.0, 0.0, 0.0, 1.0]], "cuboid": [0.5513091683387756, 0.17990155518054962, 0.3304498791694641]}, {"tf": [[0.9999354481697083, 0.0042924582958221436, -0.010521546006202698, 1.2279011011123657], [-0.005058196373283863, 0.9972553253173828, -0.07386689633131027, -0.5252290368080139], [0.010175595059990883, 0.07391534000635147, 0.9972126483917236, 1.6221307516098022], [0.0, 0.0, 0.0, 1.0]], "cuboid": [0.5475682616233826, 0.18442551791667938, 0.341931015253067]}, {"tf": [[0.9993631839752197, 0.034091461449861526, -0.010528180748224258, 1.249942660331726], [-0.03477837145328522, 0.9966531991958618, -0.07397956401109695, -0.5709928274154663], [0.007970873266458511, 0.07429862022399902, 0.9972041845321655, 1.978298544883728], [0.0, 0.0, 0.0, 1.0]], "cuboid": [0.5487770438194275, 0.1756540834903717, 0.3441886901855469]}, {"tf": [[0.9999446272850037, -0.00019295750826131552, -0.01052128802984953, 1.2047793865203857], [-0.0005861286772415042, 0.9972584843635559, -0.0739951878786087, -0.5873904228210449], [0.010506720282137394, 0.07399726659059525, 0.9972031116485596, 2.3366329669952393], [0.0, 0.0, 0.0, 1.0]], "cuboid": [0.5508214235305786, 0.1863453984260559, 0.3738448917865753]}, {"tf": [[0.9993835091590881, 0.03510836511850357, -2.4832037524902262e-05, 1.2731611728668213], [-0.03510836884379387, 0.9993835091590881, -7.115680637070909e-05, -0.3401573896408081], [2.2318530682241544e-05, 7.198475213954225e-05, 1.0, 0.21297132968902588], [0.0, 0.0, 0.0, 1.0]], "cuboid": [0.5379670262336731, 0.18654648959636688, 0.3321318030357361]}, {"tf": [[0.9999999403953552, 0.0004304625035729259, -3.769275645026937e-05, 1.26392662525177], [-0.00043046363862231374, 0.9999999403953552, -2.9825710953446105e-05, -0.3400287628173828], [3.767991438508034e-05, 2.9841930881957524e-05, 1.0, 0.5587833523750305], [0.0, 0.0, 0.0, 1.0]], "cuboid": [0.5501847267150879, 0.18645723164081573, 0.33074846863746643]}, {"tf": [[0.9999983310699463, 0.0017943696584552526, -3.0452396458713338e-05, 1.2370065450668335], [-0.0017943712882697582, 0.9999983906745911, -5.31354671693407e-05, -0.33699798583984375], [3.035700683540199e-05, 5.3190025937510654e-05, 1.0, 0.908361554145813], [0.0, 0.0, 0.0, 1.0]], "cuboid": [0.5402650833129883, 0.18130382895469666, 0.3391649127006531]}, {"tf": [[0.9997771978378296, 0.02110947296023369, -2.9193433874752373e-05, 1.2785452604293823], [-0.021109474822878838, 0.9997771382331848, -7.062312943162397e-05, -0.3652607202529907], [2.7696110919350758e-05, 7.12236505933106e-05, 1.0, 1.2600516080856323], [0.0, 0.0, 0.0, 1.0]], "cuboid": [0.49767154455184937, 0.18475618958473206, 0.34699302911758423]}, {"tf": [[0.9999901056289673, 0.0043313344940543175, 0.0010112733580172062, 1.2260990142822266], [-0.00417329790070653, 0.9923366904258728, -0.12349294871091843, -0.33208227157592773], [-0.0015384128782898188, 0.12348750978708267, 0.9923449158668518, 1.623261570930481], [0.0, 0.0, 0.0, 1.0]], "cuboid": [0.5501536726951599, 0.18331338465213776, 0.3276118338108063]}, {"tf": [[0.9999889135360718, 0.004582845605909824, 0.001014771987684071, 1.2608164548873901], [-0.004422349855303764, 0.9923276305198669, -0.1235574260354042, -0.3724757432937622], [-0.0015732308384031057, 0.12355157732963562, 0.9923368692398071, 1.9643620252609253], [0.0, 0.0, 0.0, 1.0]], "cuboid": [0.5603370666503906, 0.18488162755966187, 0.3271244168281555]}, {"tf": [[0.9999995231628418, -0.00015174740110524, 0.000986543484032154, 1.2179491519927979], [0.0002723897050600499, 0.9923489689826965, -0.12346457690000534, -0.39099371433258057], [-0.0009602599311619997, 0.12346478551626205, 0.9923484921455383, 2.3152008056640625], [0.0, 0.0, 0.0, 1.0]], "cuboid": [0.5477365255355835, 0.18384723365306854, 0.37363696098327637]}, {"tf": [[0.9998424649238586, 0.017748109996318817, -3.754325916816015e-06, 1.293056845664978], [-0.01774810627102852, 0.9998424053192139, 0.0004413453279994428, -0.15091156959533691], [1.1586778782657348e-05, -0.00044120923848822713, 0.9999998807907104, 0.21578280627727509], [0.0, 0.0, 0.0, 1.0]], "cuboid": [0.5559332370758057, 0.17999190092086792, 0.3286009430885315]}, {"tf": [[0.9999727010726929, -0.007397232577204704, 2.8296906748437323e-05, 1.2202138900756836], [0.0073972223326563835, 0.9999725222587585, 0.00035488654975779355, -0.15254878997802734], [-3.092131009907462e-05, -0.0003546675434336066, 0.9999998807907104, 0.5707321166992188], [0.0, 0.0, 0.0, 1.0]], "cuboid": [0.562964141368866, 0.1807698905467987, 0.3433448374271393]}, {"tf": [[0.9999191761016846, 0.012710715644061565, -0.00018687010742723942, 1.272740364074707], [-0.012710650451481342, 0.9999191761016846, 0.000344487139955163, -0.1464468240737915], [0.0001912336883833632, -0.00034208406577818096, 0.9999998807907104, 0.9266141653060913], [0.0, 0.0, 0.0, 1.0]], "cuboid": [0.5530246496200562, 0.1854737251996994, 0.33803772926330566]}, {"tf": [[0.9999314546585083, -0.011702737770974636, -0.00033039317349903286, 1.2358624935150146], [0.011702803894877434, 0.9999315738677979, 0.00019708437321241945, -0.1561223268508911], [0.00032806413946673274, -0.00020093738567084074, 0.9999999403953552, 1.2822824716567993], [0.0, 0.0, 0.0, 1.0]], "cuboid": [0.5587607622146606, 0.17912980914115906, 0.3436765968799591]}, {"tf": [[0.999991238117218, 0.004175018053501844, -0.0002975485404022038, 1.2365003824234009], [-0.004175024572759867, 0.999991238117218, -1.8761687897494994e-05, -0.1293201446533203], [0.0002974676026497036, 2.00037939066533e-05, 1.0, 1.632610559463501], [0.0, 0.0, 0.0, 1.0]], "cuboid": [0.5501376390457153, 0.1828162968158722, 0.32891860604286194]}, {"tf": [[0.9996216893196106, 0.027501441538333893, -0.00028300072881393135, 1.3326102495193481], [-0.02750147506594658, 0.9996218085289001, -0.00012056113337166607, -0.1437157392501831], [0.0002795780310407281, 0.00012829845945816487, 1.0, 1.977506160736084], [0.0, 0.0, 0.0, 1.0]], "cuboid": [0.5284063220024109, 0.18399140238761902, 0.3325086534023285]}, {"tf": [[0.9965401887893677, -0.08311218023300171, -0.00028187420684844255, 1.3041737079620361], [0.08311216533184052, 0.9965401887893677, -0.00010692923387978226, -0.15579986572265625], [0.00028978611226193607, 8.313209400512278e-05, 0.9999999403953552, 2.325303077697754], [0.0, 0.0, 0.0, 1.0]], "cuboid": [0.5501502156257629, 0.1846955567598343, 0.3630988895893097]}, {"tf": [[0.9997274875640869, 0.023343073204159737, 2.0139543266850524e-05, 1.3152735233306885], [-0.023343076929450035, 0.9997274875640869, 0.00018671834550332278, 0.04068875312805176], [-1.5775474821566604e-05, -0.00018713758618105203, 1.0, 0.2139241099357605], [0.0, 0.0, 0.0, 1.0]], "cuboid": [0.5434535145759583, 0.18323402106761932, 0.32998138666152954]}, {"tf": [[0.9995604753494263, -0.029644280672073364, 3.3387888834113255e-05, 1.2720478773117065], [0.029644275084137917, 0.9995604753494263, 0.00021563659538514912, 0.03423261642456055], [-3.97656112909317e-05, -0.0002145520702470094, 1.0, 0.5667294859886169], [0.0, 0.0, 0.0, 1.0]], "cuboid": [0.5524988770484924, 0.1764003485441208, 0.3421766459941864]}, {"tf": [[0.9999524354934692, -0.009757941588759422, 0.00011431001621531323, 1.2832750082015991], [0.009757881052792072, 0.9999522566795349, 0.0005264441133476794, 0.041338443756103516], [-0.00011944158177357167, -0.0005253037088550627, 0.9999998211860657, 0.9235953688621521], [0.0, 0.0, 0.0, 1.0]], "cuboid": [0.5513192415237427, 0.17793087661266327, 0.33994632959365845]}, {"tf": [[0.9999315142631531, -0.011706426739692688, 2.2896845621289685e-05, 1.2524998188018799], [0.011705324053764343, 0.9998604655265808, 0.011913234367966652, 0.02415144443511963], [-0.0001623550633667037, -0.01191214844584465, 0.9999290704727173, 1.2800376415252686], [0.0, 0.0, 0.0, 1.0]], "cuboid": [0.5413543581962585, 0.17667745053768158, 0.34105226397514343]}, {"tf": [[0.999991238117218, 0.004175873007625341, 1.700037500995677e-05, 1.2354594469070435], [-0.0041757794097065926, 0.9999204874038696, 0.01190110296010971, 0.05806410312652588], [3.269847002229653e-05, -0.0119010703638196, 0.9999291300773621, 1.632443904876709], [0.0, 0.0, 0.0, 1.0]], "cuboid": [0.5400540232658386, 0.18774475157260895, 0.33656904101371765]}, {"tf": [[0.9999951720237732, 0.0031108290422707796, -1.2129490642109886e-05, 1.2779598236083984], [-0.0031104683876037598, 0.9999253153800964, 0.011815104633569717, 0.05407392978668213], [4.888335388386622e-05, -0.011815008707344532, 0.999930202960968, 1.9828330278396606], [0.0, 0.0, 0.0, 1.0]], "cuboid": [0.5424805283546448, 0.19128704071044922, 0.3355047106742859]}, {"tf": [[0.9970071315765381, -0.07731027156114578, 1.5072072528710123e-05, 1.3471421003341675], [0.07730475068092346, 0.9969380497932434, 0.011763615533709526, 0.03483772277832031], [-0.0009244742686860263, -0.01172724086791277, 0.9999307990074158, 2.3299055099487305], [0.0, 0.0, 0.0, 1.0]], "cuboid": [0.5036022663116455, 0.1805114448070526, 0.3574545085430145]}, {"tf": [[0.9997825622558594, -0.0208565853536129, -7.1203926381713245e-06, 1.3613300323486328], [0.0208565853536129, 0.9997825026512146, 1.5709632862126455e-05, 0.24109220504760742], [6.791194664401701e-06, -1.5854720913921483e-05, 1.0, 0.21304744482040405], [0.0, 0.0, 0.0, 1.0]], "cuboid": [0.5336254835128784, 0.18420831859111786, 0.3316991925239563]}, {"tf": [[0.9998605847358704, -0.016696732491254807, -2.1446780010592192e-05, 1.260487675666809], [0.016696732491254807, 0.9998605251312256, 5.569289714912884e-05, 0.22723925113677979], [2.051390038104728e-05, -5.6043216318357736e-05, 1.0, 0.5617164373397827], [0.0, 0.0, 0.0, 1.0]], "cuboid": [0.5404342412948608, 0.18522675335407257, 0.337846577167511]}, {"tf": [[0.9999350309371948, 0.011396175250411034, -2.0072184270247817e-05, 1.2954607009887695], [-0.011396171525120735, 0.9999350905418396, 6.389391637640074e-05, 0.23727893829345703], [2.0799023332074285e-05, -6.366102024912834e-05, 1.0, 0.9088109731674194], [0.0, 0.0, 0.0, 1.0]], "cuboid": [0.5448841452598572, 0.18839812278747559, 0.3328067660331726]}, {"tf": [[0.9999315142631531, -0.01161876693367958, -0.0014271282125264406, 1.2475359439849854], [0.011705983430147171, 0.9929711818695068, 0.11777590215206146, 0.21813952922821045], [4.86865101265721e-05, -0.11778455972671509, 0.9930391311645508, 1.2631407976150513], [0.0, 0.0, 0.0, 1.0]], "cuboid": [0.5594413876533508, 0.17624078691005707, 0.34078681468963623]}, {"tf": [[0.9999912977218628, 0.004170840140432119, -0.00014048728917259723, 1.272882342338562], [-0.004172843415290117, 0.9997811913490295, -0.020499322563409805, 0.2495497465133667], [5.4957145039225e-05, 0.020499732345342636, 0.999789834022522, 1.6278605461120605], [0.0, 0.0, 0.0, 1.0]], "cuboid": [0.5503129363059998, 0.18445837497711182, 0.33789771795272827]}, {"tf": [[0.9999953508377075, 0.003050812054425478, -0.00015111190441530198, 1.2200229167938232], [-0.0030532660894095898, 0.9997857809066772, -0.020467808470129967, 0.24814724922180176], [8.863610855769366e-05, 0.020468175411224365, 0.9997904896736145, 1.9817899465560913], [0.0, 0.0, 0.0, 1.0]], "cuboid": [0.5465534329414368, 0.18533720076084137, 0.338928759098053]}, {"tf": [[0.9970085620880127, -0.07727041840553284, 0.0018248744308948517, 1.3105469942092896], [0.07729160040616989, 0.9967983961105347, -0.020472688600420952, 0.2198549509048462], [-0.0002370985021116212, 0.020552493631839752, 0.9997887015342712, 2.3324708938598633], [0.0, 0.0, 0.0, 1.0]], "cuboid": [0.541935920715332, 0.182654470205307, 0.36156100034713745]}, {"tf": [[0.9999986886978149, -0.0016649712342768908, -0.00012031332880724221, 1.2974618673324585], [0.001664984505623579, 0.9999986290931702, 0.00011016318603651598, 0.43189287185668945], [0.00012012974184472114, -0.00011036335490643978, 1.0, 0.21939653158187866], [0.0, 0.0, 0.0, 1.0]], "cuboid": [0.5403943657875061, 0.18550598621368408, 0.3451572060585022]}, {"tf": [[0.9995576739311218, 0.02973882295191288, -0.00016186796710826457, 1.2556730508804321], [-0.029738783836364746, 0.9995576739311218, 0.00023681910533923656, 0.4304553270339966], [0.00016883907665032893, -0.00023190058709587902, 1.0, 0.5706942677497864], [0.0, 0.0, 0.0, 1.0]], "cuboid": [0.5430638790130615, 0.1841045320034027, 0.3288308382034302]}, {"tf": [[0.9999942183494568, 0.003378974972292781, -0.000336133613018319, 1.2848761081695557], [-0.0033788462169468403, 0.999994158744812, 0.0003838128177449107, 0.43636441230773926], [0.0003374285588506609, -0.0003826747997663915, 0.9999999403953552, 0.9181647300720215], [0.0, 0.0, 0.0, 1.0]], "cuboid": [0.5583602786064148, 0.18521957099437714, 0.3360521197319031]}, {"tf": [[0.9999313354492188, -0.011713721789419651, -0.0003597076574806124, 1.2759065628051758], [0.01171402633190155, 0.9999309778213501, 0.0008502404089085758, 0.417974591255188], [0.0003497233847156167, -0.0008543955627828836, 0.9999995231628418, 1.2733010053634644], [0.0, 0.0, 0.0, 1.0]], "cuboid": [0.5487750172615051, 0.18397247791290283, 0.3451247811317444]}, {"tf": [[0.9999917149543762, 0.00405961275100708, -0.0003643744857981801, 1.3158291578292847], [-0.004059287719428539, 0.9999913573265076, 0.0008881544345058501, 0.4397749900817871], [0.00036797687062062323, -0.000886667927261442, 0.9999995827674866, 1.6271198987960815], [0.0, 0.0, 0.0, 1.0]], "cuboid": [0.5473842620849609, 0.18907803297042847, 0.3262532651424408]}, {"tf": [[0.9999377727508545, 0.011148877441883087, -0.0003915142733603716, 1.2619043588638306], [-0.011148490011692047, 0.9999373555183411, 0.0009785814909264445, 0.43604910373687744], [0.00040239986265078187, -0.0009741557878442109, 0.999999463558197, 1.97701895236969], [0.0, 0.0, 0.0, 1.0]], "cuboid": [0.5478712916374207, 0.17971660196781158, 0.33446991443634033]}, {"tf": [[0.9972255825996399, -0.07443910837173462, 5.777407204732299e-05, 1.3174372911453247], [0.07435927540063858, 0.9961913824081421, 0.04553475230932236, 0.41667723655700684], [-0.00344712077639997, -0.04540412500500679, 0.9989627599716187, 2.330036163330078], [0.0, 0.0, 0.0, 1.0]], "cuboid": [0.542931854724884, 0.17746518552303314, 0.36070576310157776]}, {"tf": [[0.9999986290931702, -0.001642113085836172, 1.698290361673571e-05, 1.2994061708450317], [0.0016421122709289193, 0.9999986886978149, 5.173500903765671e-05, 0.6214697360992432], [-1.7067835869966075e-05, -5.170705117052421e-05, 1.0, 0.21299701929092407], [0.0, 0.0, 0.0, 1.0]], "cuboid": [0.5570910573005676, 0.18945710361003876, 0.33183106780052185]}, {"tf": [[0.9999895691871643, -0.004567414987832308, 1.1543636901478749e-05, 1.326029896736145], [0.004567414056509733, 0.9999896287918091, 8.446579886367545e-05, 0.6215569972991943], [-1.1929307220270857e-05, -8.441220415988937e-05, 1.0, 0.5584819912910461], [0.0, 0.0, 0.0, 1.0]], "cuboid": [0.5540187358856201, 0.17630061507225037, 0.3149188458919525]}, {"tf": [[0.9999982118606567, -0.001852652058005333, 2.2267882741289213e-05, 1.3062082529067993], [0.001852649264037609, 0.9999982714653015, 0.00012689833238255233, 0.6224684715270996], [-2.250294346595183e-05, -0.00012685685942415148, 1.0, 0.9100274443626404], [0.0, 0.0, 0.0, 1.0]], "cuboid": [0.5368874073028564, 0.1748291403055191, 0.3435575067996979]}, {"tf": [[0.9999542236328125, -0.009566808119416237, -0.0002515755477361381, 1.2751624584197998], [0.00957008358091116, 0.9995377063751221, 0.028856687247753143, 0.6085031032562256], [-2.4607130399090238e-05, -0.028857771307229996, 0.9995834827423096, 1.2663236856460571], [0.0, 0.0, 0.0, 1.0]], "cuboid": [0.5351942777633667, 0.18658454716205597, 0.3345143795013428]}, {"tf": [[0.9999918937683105, 0.004014187026768923, -0.0002640225866343826, 1.290327548980713], [-0.004010408651083708, 0.9999071955680847, 0.013020921498537064, 0.6276109218597412], [0.0003162664652336389, -0.013019755482673645, 0.9999152421951294, 1.6191105842590332], [0.0, 0.0, 0.0, 1.0]], "cuboid": [0.5420861840248108, 0.18211980164051056, 0.3396397531032562]}, {"tf": [[0.9999696612358093, 0.007784679997712374, -0.00027287143166176975, 1.2477134466171265], [-0.007780459709465504, 0.9998846650123596, 0.013041100464761257, 0.6225833892822266], [0.0003743607667274773, -0.013038581237196922, 0.9999149441719055, 1.9687180519104004], [0.0, 0.0, 0.0, 1.0]], "cuboid": [0.5575940012931824, 0.17635150253772736, 0.32827526330947876]}, {"tf": [[0.9983440637588501, -0.05752461403608322, 5.470687756314874e-05, 1.2895628213882446], [0.05736568942666054, 0.9956555962562561, 0.07334233075380325, 0.602886438369751], [-0.0042734588496387005, -0.07321774214506149, 0.9973068833351135, 2.32670521736145], [0.0, 0.0, 0.0, 1.0]], "cuboid": [0.5396099090576172, 0.17392845451831818, 0.3751904368400574]}, {"tf": [[0.9999998211860657, 0.0007288643391802907, -1.9122782759950496e-05, 1.2507442235946655], [-0.0007288603810593486, 0.9999997019767761, 0.0002059032121906057, 0.8099336624145508], [1.9272853023721837e-05, -0.00020588922780007124, 1.0, 0.21314910054206848], [0.0, 0.0, 0.0, 1.0]], "cuboid": [0.5538588762283325, 0.1839214563369751, 0.33204761147499084]}, {"tf": [[0.9999691843986511, -0.007858674973249435, -3.8094127376098186e-05, 1.3174129724502563], [0.007858681492507458, 0.9999691247940063, 0.00017666633357293904, 0.805992603302002], [3.670458681881428e-05, -0.0001769602531567216, 1.0, 0.561212956905365], [0.0, 0.0, 0.0, 1.0]], "cuboid": [0.548923671245575, 0.16548332571983337, 0.335542231798172]}, {"tf": [[0.999947190284729, -0.010285606607794762, -3.298084266134538e-05, 1.2941597700119019], [0.010285620577633381, 0.9999470114707947, 0.00047758998698554933, 0.8079657554626465], [2.8066791855962947e-05, -0.00047790390090085566, 0.9999999403953552, 0.9100029468536377], [0.0, 0.0, 0.0, 1.0]], "cuboid": [0.539289653301239, 0.18166932463645935, 0.3340093791484833]}, {"tf": [[0.9999983906745911, -0.0018340274691581726, 1.4618018440160085e-06, 1.3155434131622314], [0.0018340264214202762, 0.999998152256012, 0.0005634339177049696, 0.8036291599273682], [-2.495152330084238e-06, -0.0005634302506223321, 0.9999998807907104, 1.2568646669387817], [0.0, 0.0, 0.0, 1.0]], "cuboid": [0.5029271245002747, 0.1872003823518753, 0.33097606897354126]}, {"tf": [[0.9999920129776001, 0.004005725029855967, 8.0995496318792e-06, 1.3109856843948364], [-0.00400572968646884, 0.999991774559021, 0.0007232477655634284, 0.8101668357849121], [-5.20235107615008e-06, -0.0007232744246721268, 0.9999997019767761, 1.604737401008606], [0.0, 0.0, 0.0, 1.0]], "cuboid": [0.5133039355278015, 0.17875893414020538, 0.33486881852149963]}, {"tf": [[0.9999986886978149, -0.0016018807655200362, 4.3086700316052884e-05, 1.212316870689392], [0.001601847936399281, 0.9999984502792358, 0.0007573219481855631, 0.8112154006958008], [-4.429976979736239e-05, -0.0007572519825771451, 0.9999997019767761, 1.955175518989563], [0.0, 0.0, 0.0, 1.0]], "cuboid": [0.5402702689170837, 0.1775173842906952, 0.33662736415863037]}, {"tf": [[1.0, -2.7463591322884895e-05, 4.6304092393256724e-05, 1.2398065328598022], [2.7429405236034654e-05, 0.9999997615814209, 0.0007380793103948236, 0.807549238204956], [-4.6324345021275803e-05, -0.0007380779716186225, 0.9999997615814209, 2.305626392364502], [0.0, 0.0, 0.0, 1.0]], "cuboid": [0.5584685206413269, 0.18470779061317444, 0.36426419019699097]}, {"tf": [[0.9999768733978271, 0.006798499263823032, 7.556844502687454e-05, 1.3077671527862549], [-0.00679850485175848, 0.9999768733978271, 6.817696703365073e-05, 0.9967615604400635], [-7.510320574510843e-05, -6.868914351798594e-05, 1.0, 0.21456871926784515], [0.0, 0.0, 0.0, 1.0]], "cuboid": [0.5643371939659119, 0.18584971129894257, 0.3300997316837311]}, {"tf": [[0.9999972581863403, -0.00236737378872931, 7.240482227643952e-05, 1.27084481716156], [0.0023673747200518847, 0.9999971389770508, -1.2526006685220636e-05, 0.996361494064331], [-7.237496902234852e-05, 1.2697380952886306e-05, 0.9999999403953552, 0.5667516589164734], [0.0, 0.0, 0.0, 1.0]], "cuboid": [0.5406937599182129, 0.18721917271614075, 0.3404315710067749]}, {"tf": [[0.9999635815620422, -0.008526554331183434, 1.760134910000488e-05, 1.2991201877593994], [0.008526545017957687, 0.9999635219573975, 0.00047405314398929477, 0.9972727298736572], [-2.1642747014993802e-05, -0.00047388585517182946, 0.9999999403953552, 0.918158769607544], [0.0, 0.0, 0.0, 1.0]], "cuboid": [0.5484203696250916, 0.18191123008728027, 0.32611700892448425]}, {"tf": [[0.999988853931427, 0.004720089957118034, -2.1231962819001637e-06, 1.312605857849121], [-0.004720087628811598, 0.9999887347221375, 0.0005106576718389988, 0.9890806674957275], [4.5335218601394445e-06, -0.0005106419557705522, 0.9999999403953552, 1.267083764076233], [0.0, 0.0, 0.0, 1.0]], "cuboid": [0.5503169894218445, 0.17835186421871185, 0.33554381132125854]}, {"tf": [[1.0, 0.0001436865859432146, 7.870664830988972e-07, 1.3437954187393188], [-0.00014368710981216282, 0.9999997019767761, 0.0007296349504031241, 0.9916961193084717], [-6.822274940532225e-07, -0.000729635008610785, 0.9999997615814209, 1.6151829957962036], [0.0, 0.0, 0.0, 1.0]], "cuboid": [0.5397659540176392, 0.18236257135868073, 0.3324667811393738]}, {"tf": [[0.9999987483024597, -0.001632833038456738, 6.337771992548369e-06, 1.2531031370162964], [0.0016328273341059685, 0.9999983310699463, 0.0008256396977230906, 0.9966192245483398], [-7.685893251618836e-06, -0.0008256282890215516, 0.9999996423721313, 1.965179681777954], [0.0, 0.0, 0.0, 1.0]], "cuboid": [0.561652421951294, 0.19306007027626038, 0.3387867212295532]}, {"tf": [[1.0, -2.7198602765565738e-05, 9.504929039394483e-06, 1.283251166343689], [2.719078111113049e-05, 0.9999997019767761, 0.0008217818103730679, 0.9885621070861816], [-9.527277143206447e-06, -0.0008217815193347633, 0.9999996423721313, 2.3160581588745117], [0.0, 0.0, 0.0, 1.0]], "cuboid": [0.527709424495697, 0.17619669437408447, 0.3629527986049652]}, {"tf": [[0.9999973177909851, 0.0023488644510507584, 5.97297002968844e-07, 1.2902573347091675], [-0.0023488644510507584, 0.9999972581863403, 8.04339288151823e-05, 1.18440580368042], [-4.083669580268179e-07, -8.04351075203158e-05, 1.0, 0.21448898315429688], [0.0, 0.0, 0.0, 1.0]], "cuboid": [0.5522170066833496, 0.18123015761375427, 0.3342668116092682]}, {"tf": [[0.9999997019767761, 0.0008519843686372042, -2.7875445084646344e-05, 1.2861435413360596], [-0.0008519791881553829, 0.9999996423721313, 0.00018437036487739533, 1.1841866970062256], [2.803251481964253e-05, -0.0001843465433921665, 1.0, 0.5648632049560547], [0.0, 0.0, 0.0, 1.0]], "cuboid": [0.5496281385421753, 0.1822163611650467, 0.33740976452827454]}, {"tf": [[0.9999681711196899, 0.007982936687767506, -2.9926810384495184e-05, 1.2817902565002441], [-0.007982931099832058, 0.9999680519104004, 0.00017316688899882138, 1.1823334693908691], [3.130823824903928e-05, -0.0001729224604787305, 0.9999999403953552, 0.9131054878234863], [0.0, 0.0, 0.0, 1.0]], "cuboid": [0.5557387471199036, 0.17924176156520844, 0.3300319314002991]}, {"tf": [[0.999679446220398, 0.0226096510887146, -0.011395473964512348, 1.3090277910232544], [-0.022475622594356537, 0.9996781945228577, 0.011755917221307755, 1.1747784614562988], [0.011657604947686195, -0.011496027931571007, 0.9998659491539001, 1.2600431442260742], [0.0, 0.0, 0.0, 1.0]], "cuboid": [0.5349008440971375, 0.17948924005031586, 0.3281608819961548]}, {"tf": [[0.9999358654022217, 0.0001445410744054243, -0.011327994056046009, 1.3194864988327026], [-1.3951605978945736e-05, 0.9999335408210754, 0.011527261696755886, 1.1796371936798096], [0.011328908614814281, -0.011526363901793957, 0.9998694062232971, 1.602941632270813], [0.0, 0.0, 0.0, 1.0]], "cuboid": [0.5519454479217529, 0.18705859780311584, 0.32864126563072205]}, {"tf": [[0.9999361038208008, 0.00012078711006324738, -0.011309175752103329, 1.330865502357483], [1.0080777428811416e-05, 0.999933123588562, 0.011571058072149754, 1.1872985363006592], [0.011309818364679813, -0.011570434086024761, 0.9998690485954285, 1.9545767307281494], [0.0, 0.0, 0.0, 1.0]], "cuboid": [0.5306205749511719, 0.18126744031906128, 0.344133198261261]}, {"tf": [[0.9999990463256836, 5.3729676437797025e-05, -0.0014123748987913132, 1.3161827325820923], [5.900293444938143e-07, 0.999261200428009, 0.03843173012137413, 1.1760826110839844], [0.0014133964432403445, -0.03843168914318085, 0.9992602467536926, 2.3130552768707275], [0.0, 0.0, 0.0, 1.0]], "cuboid": [0.5578953623771667, 0.15698283910751343, 0.36244937777519226]}, {"tf": [[0.9999998807907104, -0.00034762138966470957, 4.706277104560286e-05, 1.2764666080474854], [0.00034763175062835217, 0.9999999403953552, -0.00021943201136309654, 1.3690221309661865], [-4.698648626799695e-05, 0.000219448353163898, 1.0, 0.21332138776779175], [0.0, 0.0, 0.0, 1.0]], "cuboid": [0.5431994199752808, 0.18028193712234497, 0.3318023085594177]}, {"tf": [[0.9999995827674866, 0.0008781494107097387, 6.502320320578292e-05, 1.277212142944336], [-0.0008781328797340393, 0.9999996423721313, -0.0002533963124733418, 1.3674392700195312], [-6.524568743770942e-05, 0.0002533390943426639, 1.0, 0.5647228360176086], [0.0, 0.0, 0.0, 1.0]], "cuboid": [0.5412859320640564, 0.18406565487384796, 0.34159401059150696]}, {"tf": [[0.9999763369560242, 0.006867965217679739, 0.00010498261690372601, 1.3415855169296265], [-0.006867965683341026, 0.999976396560669, 1.2909325960208662e-05, 1.363727331161499], [-0.00010489147098269314, -1.3630038665723987e-05, 1.0, 0.9166499376296997], [0.0, 0.0, 0.0, 1.0]], "cuboid": [0.5626477599143982, 0.18223845958709717, 0.33332380652427673]}, {"tf": [[0.9999998807907104, 0.0005031880573369563, 0.0001536866184324026, 1.3503873348236084], [-0.0005032217013649642, 0.9999998807907104, 0.0002188026119256392, 1.3656039237976074], [-0.00015357648953795433, -0.0002188799116993323, 1.0, 1.2634717226028442], [0.0, 0.0, 0.0, 1.0]], "cuboid": [0.5380983948707581, 0.18845269083976746, 0.3255465626716614]}, {"tf": [[1.0, 3.3544708912813803e-06, 0.00017726914666127414, 1.2775150537490845], [-3.370100557731348e-06, 1.0, 8.816857734927908e-05, 1.3682866096496582], [-0.00017726885562296957, -8.816917397780344e-05, 1.0, 1.6110889911651611], [0.0, 0.0, 0.0, 1.0]], "cuboid": [0.5622742772102356, 0.1833757609128952, 0.333486944437027]}, {"tf": [[1.0, -8.920400205170154e-07, 0.00018476527475286275, 1.3226275444030762], [8.915923785934865e-07, 1.0, 2.423372507109889e-06, 1.3701348304748535], [-0.00018476526020094752, -2.4232076611951925e-06, 1.0, 1.9663536548614502], [0.0, 0.0, 0.0, 1.0]], "cuboid": [0.543620228767395, 0.17970775067806244, 0.3388795256614685]}, {"tf": [[1.0, -3.347330448377761e-06, 0.00016100096399895847, 1.3224146366119385], [3.3455428365414264e-06, 1.0, 1.1102378266514279e-05, 1.367551565170288], [-0.00016100100765470415, -1.1101840755145531e-05, 1.0, 2.322516679763794], [0.0, 0.0, 0.0, 1.0]], "cuboid": [0.5621681809425354, 0.18281839787960052, 0.36548280715942383]}, {"tf": [[0.9997655749320984, 0.02165435068309307, -2.0870806110906415e-05, 1.8731544017791748], [-0.02165435440838337, 0.9997654557228088, -0.0002479832910466939, -1.3658628463745117], [1.549599073769059e-05, 0.00024837706587277353, 1.0, 0.21766941249370575], [0.0, 0.0, 0.0, 1.0]], "cuboid": [0.5578151941299438, 0.17709662020206451, 0.3406515121459961]}, {"tf": [[0.9995431303977966, -0.03022317960858345, 9.421903087059036e-06, 1.941007375717163], [0.03022318333387375, 0.9995430707931519, -0.00021140843455214053, -1.3592007160186768], [-3.0281635190476663e-06, 0.00021159661991987377, 1.0, 0.5713468790054321], [0.0, 0.0, 0.0, 1.0]], "cuboid": [0.5466739535331726, 0.1814674586057663, 0.33488941192626953]}, {"tf": [[0.9995653033256531, -0.029479332268238068, -9.998156747315079e-05, 1.928205132484436], [0.02947932668030262, 0.9995654225349426, -4.94000778417103e-05, -1.3569576740264893], [0.00010139439109480008, 4.643122520064935e-05, 1.0, 0.9199287295341492], [0.0, 0.0, 0.0, 1.0]], "cuboid": [0.5417962074279785, 0.18916885554790497, 0.33083951473236084]}, {"tf": [[1.0, 1.2891598998976406e-05, -7.88363759056665e-05, 1.944706916809082], [-1.28918009068002e-05, 1.0, -2.5598881165933562e-06, -1.3686531782150269], [7.883633952587843e-05, 2.560904704296263e-06, 1.0, 1.2679874897003174], [0.0, 0.0, 0.0, 1.0]], "cuboid": [0.509957492351532, 0.18266712129116058, 0.3354668915271759]}, {"tf": [[1.0, -1.7547534298500977e-05, -0.00015382294077426195, 1.8957149982452393], [1.7521606423542835e-05, 1.0, -0.00016854566638357937, -1.3685823678970337], [0.0001538258948130533, 0.00016854298883117735, 1.0, 1.621284008026123], [0.0, 0.0, 0.0, 1.0]], "cuboid": [0.5500234961509705, 0.18249420821666718, 0.3412402868270874]}, {"tf": [[0.9999746680259705, 0.00711767328903079, -0.00014090485638007522, 1.8834378719329834], [-0.0071176933124661446, 0.9999746680259705, -0.00013906831736676395, -1.3665201663970947], [0.0001399114407831803