[{"tf":[[0.9992314291587815,-0.03919903237801329,0.00007318074976191437,1.2557004690170288],[0.039199042576734865,0.99923142112593,-0.0001435591077901834,-1.3964279890060425],[-0.00006749712584442878,0.00014631738641723605,0.999999996274428,0.19626498222351071],[0.0,0.0,0.0,1.0]],"cuboid":[0.5826545357704163,0.18438805639743805,0.39259135723114014]},{"tf":[[1.000000001307593,-1.2969404950091228e-6,0.00008879549748487975,1.2603293657302856],[1.3071100695050592e-6,0.9999999986915594,-0.00011452808070370722,-1.4027469158172607],[-0.00008879534836634789,0.00011452819631759282,0.9999999947500934,0.5844019651412964],[0.0,0.0,0.0,1.0]],"cuboid":[0.5766159296035767,0.1944677382707596,0.38319969177246094]},{"tf":[[0.999992107393899,0.0039720564942616,-7.337300672109961e-6,1.2607613801956177],[-0.00397205614933791,0.9999921063438059,0.000046440776335234036,-1.4040292501449585],[7.5217081707946254e-6,-0.000046411265808697576,0.9999999949630697,1.3548316955566406],[0.0,0.0,0.0,1.0]],"cuboid":[0.5497204065322876,0.1889221668243408,0.3846000730991363]},{"tf":[[0.9999945048567633,0.003318623877161745,-0.00001593581548291533,1.2320845127105713],[-0.0033186236349552834,0.999994504869002,0.000015201339776269633,-1.398110270500183],[0.00001598617525673197,-0.000015148371092634735,1.0000000113885403,1.7291464805603027],[0.0,0.0,0.0,1.0]],"cuboid":[0.5933045148849487,0.20171333849430084,0.3639485538005829]},{"tf":[[0.9999917403387738,0.004058850154338367,8.240885414232552e-6,1.2379002571105957],[-0.004058850772621148,0.9999917374479373,0.0000764494486033078,-1.4076826572418213],[-7.930520645351563e-6,-0.00007648226739875044,0.999999974582913,2.0912649631500244],[0.0,0.0,0.0,1.0]],"cuboid":[0.5825077295303345,0.18207651376724243,0.36020007729530334]},{"tf":[[0.999966300949385,-0.008212287949151586,0.000013363931855218285,1.1045621633529663],[0.008212287871413638,0.9999663010221446,5.861512376461593e-6,-1.3921488523483276],[-0.000013411617630828372,-5.7515662644869225e-6,1.000000022336699,2.4601120948791504],[0.0,0.0,0.0,1.0]],"cuboid":[0.5515398383140564,0.20193645358085632,0.3774755895137787]},{"tf":[[0.9996793367030261,-0.0253220163497732,3.4499998519268793e-6,1.2747108936309814],[0.025322016307373255,0.9996793366401246,0.000011824220182472405,-1.191266417503357],[-3.748306696234902e-6,-0.000011733067749435517,0.9999999903016041,0.19052700698375705],[0.0,0.0,0.0,1.0]],"cuboid":[0.5922489762306213,0.1988436728715897,0.3809608817100525]},{"tf":[[1.000000036443873,-0.0001942298617187971,-0.0000707710953482885,1.2277932167053225],[0.00019826318801174968,0.998055819582402,0.062327019108432906,-1.1950844526290894],[0.00005852773188427164,-0.06232703180800043,0.998055836765681,0.5841311812400818],[0.0,0.0,0.0,1.0]],"cuboid":[0.5504552721977234,0.19647331535816193,0.3945246934890747]},{"tf":[[0.9998304231392076,-0.01841414695222293,-3.845507178955234e-6,1.2443448305130005],[0.018378382794667133,0.9978754886576399,0.06250360021328621,-1.1837700605392456],[-0.0011471131673333342,-0.06249307310247727,0.9980447163344349,0.962921142578125],[0.0,0.0,0.0,1.0]],"cuboid":[0.5811078548431396,0.20122207701206207,0.3627142608165741]},{"tf":[[0.9999995637787921,0.0009377109405257041,-0.000019194037886493896,1.2821682691574097],[-0.0009281735814504092,0.9923548394008489,0.12341401233049432,-1.1962153911590576],[0.00013477396547371143,-0.12341394023326832,0.9923552732867756,1.33294677734375],[0.0,0.0,0.0,1.0]],"cuboid":[0.5769238471984863,0.18161416053771973,0.36381056904792786]},{"tf":[[0.9999615083093222,0.008773608290809656,-0.000043788524762524567,1.247957468032837],[-0.008699619984966253,0.9921513480841132,0.12473979047250247,-1.1661953926086426],[0.0011378629059076474,-0.12473460831928754,0.992189487434518,1.701291799545288],[0.0,0.0,0.0,1.0]],"cuboid":[0.5800302624702454,0.1885889768600464,0.3742772042751312]},{"tf":[[0.9999979394541011,-0.0020286047250090713,-0.00007824703156131274,1.2434298992156982],[0.0020224962033273106,0.9921699474877111,0.12487876153900776,-1.1515620946884155],[-0.00017569529249214521,-0.12487866245791757,0.9921720057863265,2.0681862831115723],[0.0,0.0,0.0,1.0]],"cuboid":[0.5463808178901672,0.1846131682395935,0.35738277435302734]},{"tf":[[0.9986339154233219,0.052244685478712374,-0.000880721055906353,1.125984787940979],[-0.051726017258857435,0.9908246992769816,0.12486318234482639,-1.118367314338684],[0.007396077939305367,-0.12464705373963479,0.9921735684290358,2.427791118621826],[0.0,0.0,0.0,1.0]],"cuboid":[0.5568124055862427,0.1919262707233429,0.36425158381462097]},{"tf":[[0.9996166755280306,-0.027686037511314803,-0.000022303141975319996,1.2837620973587036],[0.02768603673509176,0.9996166752067382,-0.00003439112684003111,-0.9836747646331788],[0.000023246746479523317,0.00003376045801548254,1.0000000067420203,0.18567946553230288],[0.0,0.0,0.0,1.0]],"cuboid":[0.5434367060661316,0.1804647594690323,0.3713552057743073]},{"tf":[[0.9999995459724794,-0.0009452503134309422,-0.00009095930747404539,1.234276533126831],[0.0009489632368274854,0.9982693246677544,0.05880007324040231,-1.0042186975479126],[0.00003522109889475784,-0.05880013304531279,0.9982697715699117,0.5607161521911621],[0.0,0.0,0.0,1.0]],"cuboid":[0.5826137065887451,0.18569841980934143,0.36831435561180115]},{"tf":[[0.9999999759294369,-0.00020572580330948173,-4.300455509128954e-6,1.1660144329071045],[0.00020562370548547418,0.9982771902486876,0.05867370235933241,-0.9819077849388124],[-7.777647931125687e-6,-0.05867370200143877,0.9982772114164626,0.9323465824127196],[0.0,0.0,0.0,1.0]],"cuboid":[0.5597524046897888,0.1868300586938858,0.37608909606933594]},{"tf":[[0.9999869297212098,0.004955017852276151,-0.0012547651953876003,1.225336670875549],[-0.004754561552167352,0.9918244934258722,0.12752080079666267,-1.0076508522033691],[0.0018763747116670028,-0.12751316908248772,0.9918350957590409,1.317937254905701],[0.0,0.0,0.0,1.0]],"cuboid":[0.5386346578598022,0.18579478561878204,0.3738563060760498]},{"tf":[[0.9999869082857908,0.004956612084994126,-0.0012875057025553385,1.2150555849075315],[-0.004751843213101815,0.9918162027036532,0.12758558875458478,-0.9757344722747804],[0.0019093612474648555,-0.12757779770953417,0.9918267501375841,1.6818503141403198],[0.0,0.0,0.0,1.0]],"cuboid":[0.5651688575744629,0.19062848389148712,0.3561614155769348]},{"tf":[[0.9999938220736632,0.0035083331954649734,0.00021545075126028473,1.2341333627700806],[-0.003500516680536504,0.9884694236857942,0.15138013022709665,-0.958081305027008],[0.0003181254562366646,-0.15137994927596274,0.9884755984644896,2.0470376014709473],[0.0,0.0,0.0,1.0]],"cuboid":[0.5370120406150818,0.19188351929187775,0.3672056496143341]},{"tf":[[0.9999922418317893,0.003940505591286994,0.00020205485307750833,1.1638120412826538],[-0.003925694468365335,0.9884731258477146,0.15134569876291637,-0.9157859086990356],[0.0003966527696386872,-0.15134531385800953,0.9884809005610817,2.4128012657165527],[0.0,0.0,0.0,1.0]],"cuboid":[0.5824767351150513,0.17946143448352814,0.3686533272266388]},{"tf":[[0.9990488540199789,-0.04360437163840865,-0.00011652379795496452,1.2838369607925415],[0.04360440230239297,0.999048821620095,0.00027503047047592845,-0.7851134538650513],[0.00010442043388674867,-0.00027984983145780716,0.9999999391514252,0.17820532619953156],[0.0,0.0,0.0,1.0]],"cuboid":[0.5390969514846802,0.18771080672740936,0.3563527762889862]},{"tf":[[0.9999362183509551,-0.011293791105351055,-0.0001333362133661079,1.218019962310791],[0.011293823028602993,0.9999361978030749,0.00024114438588524422,-0.7868391275405884],[0.00013060427136255627,-0.00024263487989289502,0.9999999661684623,0.5429973602294922],[0.0,0.0,0.0,1.0]],"cuboid":[0.5653718709945679,0.19778919219970703,0.37309473752975464]},{"tf":[[0.9999598640148674,-0.008958366344073172,-0.00018132431304077973,1.1579604148864746],[0.008958397788605337,0.9999598651468272,0.0001733530880024595,-0.7814738154411316],[0.0001797640738124458,-0.00017497050433159492,0.9999999759584465,0.9150218963623048],[0.0,0.0,0.0,1.0]],"cuboid":[0.5925723910331726,0.1892479956150055,0.3707892894744873]},{"tf":[[0.9997426683102308,0.02268476874479657,0.000040558064029687585,1.193198323249817],[-0.022590641892462914,0.9954284778618347,0.0927998468672176,-0.8074913024902344],[0.0020647704104710327,-0.09277688260923428,0.9956847844546417,1.289567947387695],[0.0,0.0,0.0,1.0]],"cuboid":[0.5648836493492126,0.18713019788265228,0.36144065856933594]},{"tf":[[0.9999879347210527,0.0049082261769447045,0.00006745366867778174,1.1627933979034424],[-0.004893224008533029,0.9956532128375282,0.09300914442670839,-0.7811991572380066],[0.00038934946228198064,-0.0930083539472769,0.9956652345667656,1.6595077514648438],[0.0,0.0,0.0,1.0]],"cuboid":[0.5766332149505615,0.1881174594163895,0.37997716665267944]},{"tf":[[0.999993801214531,0.0035230652366990867,0.00001917098437658824,1.213486671447754],[-0.0035095883129869876,0.9956625730714329,0.09297170643976825,-0.7514342665672302],[0.00030845755303559675,-0.09297119672128064,0.9956687583015881,2.0429248809814453],[0.0,0.0,0.0,1.0]],"cuboid":[0.54791659116745,0.1989627182483673,0.3890378475189209]},{"tf":[[0.9999923085873023,0.003920551744403632,0.000023691370247348108,1.193374752998352],[-0.0039057630290069267,0.9956582372155885,0.0930021946027731,-0.7141485214233398],[0.0003410314103029174,-0.09300157235117205,0.9956658976578493,2.432991743087769],[0.0,0.0,0.0,1.0]],"cuboid":[0.575223445892334,0.1971721649169922,0.39463862776756287]},{"tf":[[0.9993995146013533,-0.03464998475643162,-0.00002568619102380308,1.278059005737305],[0.03464998134044643,0.999399507448724,-0.00012326060479803133,-0.5806174874305725],[0.000029941744556756927,0.00012229656183795882,0.9999999980179325,0.1895139068365097],[0.0,0.0,0.0,1.0]],"cuboid":[0.5630315542221069,0.19668669998645785,0.3789927363395691]},{"tf":[[0.9987831509883016,-0.049316985786763835,-0.00005659164247533181,1.2159663438796997],[0.049316966652067494,0.9987831083232119,-0.0003005266846678077,-0.581368625164032],[0.00007134384856129191,0.00029737006821121584,0.9999999287344596,0.5583580732345581],[0.0,0.0,0.0,1.0]],"cuboid":[0.5822752714157104,0.18648768961429596,0.3586348295211792]},{"tf":[[0.9999598033486846,-0.008964988675824561,-0.00004523843831054665,1.141273021697998],[0.008964977885671696,0.9999597772450698,-0.00023333476835124705,-0.5908629298210144],[0.000047328462692463924,0.00023291982964418318,0.9999999624449912,0.9338510632514954],[0.0,0.0,0.0,1.0]],"cuboid":[0.5639939308166504,0.19210529327392575,0.39218318462371826]},{"tf":[[0.9994623532731736,0.032786036895107167,-0.000010925170424077553,1.1861222982406616],[-0.032786038650680645,0.9994623167457432,-0.00027022180618938376,-0.5995908379554749],[2.0597941177514054e-6,0.00027043472620438466,0.9999999234029034,1.312291145324707],[0.0,0.0,0.0,1.0]],"cuboid":[0.5492908954620361,0.18984104692935944,0.3646201491355896]},{"tf":[[0.9999878221120337,0.004910095711579314,0.0004932103875130501,1.1906030178070068],[-0.004934682394037255,0.9956595369417929,0.09293940001568918,-0.5889250040054321],[-0.00003472827665017996,-0.09294070220150824,0.9956716433327752,1.6906781196594238],[0.0,0.0,0.0,1.0]],"cuboid":[0.5452441573143005,0.18919481337070465,0.3761035799980163]},{"tf":[[0.9999936987612036,0.0035251325878522624,0.00046073813771978434,1.170198678970337],[-0.0035527003512509834,0.9956622380346755,0.09297377304111935,-0.5546868443489075],[-0.00013099468580297712,-0.09297482236350556,0.9956684697470203,2.0695674419403076],[0.0,0.0,0.0,1.0]],"cuboid":[0.5537797212600708,0.1875137984752655,0.384714275598526]},{"tf":[[0.9999916043224898,0.00409659289747716,-0.00009403759849572072,1.1704553365707395],[-0.004070093268600692,0.9956577827158609,0.09300007360225437,-0.5166835188865662],[0.00047461270788137354,-0.09299891007894759,0.9956660971926331,2.457016706466675],[0.0,0.0,0.0,1.0]],"cuboid":[0.5781700015068054,0.19128894805908203,0.39358165860176086]},{"tf":[[0.9987670232745842,-0.049643389017939195,-0.00009176609471445858,1.2624471187591553],[0.049643416820407286,0.9987669713667684,0.0003306784307140612,-0.38517993688583374],[0.00007523694496363446,-0.0003348262874853111,0.9999999617528672,0.1965283900499344],[0.0,0.0,0.0,1.0]],"cuboid":[0.575046181678772,0.18653789162635803,0.39296209812164307]},{"tf":[[0.9996416837816758,-0.026766875288304987,-0.00007984029123814609,1.2286282777786257],[0.026766933971228896,0.9996413176134816,0.0008575003196730776,-0.38856226205825806],[0.00005685905072699468,-0.0008593301569797533,0.999999613129808,0.588743269443512],[0.0,0.0,0.0,1.0]],"cuboid":[0.5369927287101746,0.18487919867038727,0.39133745431900024]},{"tf":[[0.9999598182928864,-0.00896246307790157,-0.00005157663903874683,1.2002619504928589],[0.008962510663272175,0.9999593078317435,0.001011280468452313,-0.3952789306640625],[0.00004251097712339496,-0.0010117021065470194,0.9999994706281494,0.98175448179245],[0.0,0.0,0.0,1.0]],"cuboid":[0.5352684855461121,0.1974969059228897,0.3943917155265808]},{"tf":[[0.9994688522514504,0.032588911490140274,0.00004254156698268763,1.2025350332260132],[-0.032588938935103104,0.9994678073179367,0.0014452601457687116,-0.40157076716423035],[4.5805282400366295e-6,-0.0014458788651300573,0.9999989674974944,1.3769614696502686],[0.0,0.0,0.0,1.0]],"cuboid":[0.587345540523529,0.1924118399620056,0.3957401514053345]},{"tf":[[0.9999937945317734,0.0035146796321372485,0.00023961530995877673,1.2467515468597412],[-0.003522762545396855,0.9981020479874829,0.06148082170652079,-0.3898504972457886],[-0.00002307513978591908,-0.06148128431273771,0.9981082359329885,1.760507583618164],[0.0,0.0,0.0,1.0]],"cuboid":[0.5666226744651794,0.1874081194400787,0.3605413436889648]},{"tf":[[0.9998867929789641,-0.01504505881706507,0.00022572762581566405,1.1687952280044556],[0.015002510606848886,0.9979842281921201,0.06166367226169517,-0.34067288041114807],[-0.001153006184454541,-0.06165330491139481,0.9980969612676762,2.127800464630127],[0.0,0.0,0.0,1.0]],"cuboid":[0.5881853103637695,0.1820865422487259,0.378628134727478]},{"tf":[[0.9999913977190145,0.004093622212461566,0.0007040863556469258,1.074080467224121],[-0.0041292445909461035,0.9980890981341473,0.06165347125113971,-0.31772467494010925],[-0.00045035488529517986,-0.061655846725096636,0.9980973914090405,2.499160051345825],[0.0,0.0,0.0,1.0]],"cuboid":[0.5614334940910339,0.18758422136306763,0.3651930093765259]},{"tf":[[0.9999987585268215,-0.0015691959845295614,0.000011284806202548345,1.2156776189804075],[0.0015691960149982506,0.9999987585868249,-2.691627474440962e-6,-0.1870194673538208],[-0.000011280568617711986,2.709332233472027e-6,0.9999999897119887,0.18637590110301971],[0.0,0.0,0.0,1.0]],"cuboid":[0.576261043548584,0.17803148925304413,0.37275463342666626]},{"tf":[[0.9997885297644239,-0.020563624700570278,0.000031813571862495903,1.1973429918289185],[0.020563256094193287,0.9997586481669621,-0.007730836669501104,-0.19497036933898929],[0.0001271681323341014,0.007729856142256222,0.9999701000898594,0.5671939253807068],[0.0,0.0,0.0,1.0]],"cuboid":[0.5854595303535461,0.1854463666677475,0.3875952363014221]},{"tf":[[0.9999181591555341,-0.012793524549996308,0.00002841096394854469,1.2014702558517456],[0.012793359918797561,0.9998880626589547,-0.007758361985414207,-0.1989494562149048],[0.00007084901082430372,0.00775809050586921,0.9999699030964414,0.9395670890808104],[0.0,0.0,0.0,1.0]],"cuboid":[0.5537686944007874,0.18996892869472504,0.3571509122848511]},{"tf":[[0.9999969939726484,0.002449755365421894,5.265500482482593e-6,1.185555934906006],[-0.0024496391001884907,0.99996635864663,-0.007827523662514253,-0.20421256124973297],[-0.00002444084156509257,0.007827487276130156,0.9999693590950657,1.3136454820632937],[0.0,0.0,0.0,1.0]],"cuboid":[0.5697234272956848,0.18016481399536133,0.3910377323627472]},{"tf":[[0.9999826930459232,0.0030441638574388746,0.005033618866420246,1.258923053741455],[-0.003817917729875731,0.9868385169947611,0.1616637112145119,-0.18671147525310516],[-0.00447523817145183,-0.16168013200715253,0.9868330648095041,1.7525897026062012],[0.0,0.0,0.0,1.0]],"cuboid":[0.5521811842918396,0.18081802129745483,0.38982269167900085]},{"tf":[[0.9999818507360613,0.003366781395751851,0.00499230653979033,1.2181622982025146],[-0.004058175723176582,0.989323839963746,0.14567714656822625,-0.13755111396312714],[-0.004448544858022037,-0.14569476519591865,0.9893195671703984,2.1370818614959717],[0.0,0.0,0.0,1.0]],"cuboid":[0.5352916121482849,0.1799675226211548,0.38192740082740784]},{"tf":[[0.9999806754759262,0.0037863888726560437,0.004931964152994228,1.2098082304000854],[-0.0043568030516626275,0.9926042037805012,0.1213174564555213,-0.11382465809583664],[-0.004436133256611752,-0.12133659890145806,0.9926015126047045,2.522608757019043],[0.0,0.0,0.0,1.0]],"cuboid":[0.5683386921882629,0.1949435323476791,0.3847735822200775]},{"tf":[[0.9999457240121296,0.010416398288708887,-1.0920304232232176e-6,1.2591925859451294],[-0.01041639829238061,0.9999457240068653,-3.4123218377769162e-6,0.010959822684526443],[1.0564270740186893e-6,3.4235117360825016e-6,0.9999999761559032,0.187095507979393],[0.0,0.0,0.0,1.0]],"cuboid":[0.560310423374176,0.1954596042633057,0.3741870522499085]},{"tf":[[0.9995294551216435,0.03067364642951659,0.000044220601769164427,1.2340787649154663],[-0.030604357769749842,0.997366413771151,-0.06575421023241436,0.02099522389471531],[-0.002061025532536907,0.0657219163788184,0.997835852271186,0.5605900883674622],[0.0,0.0,0.0,1.0]],"cuboid":[0.5508339405059814,0.19831883907318115,0.35692647099494934]},{"tf":[[0.9999183565772598,-0.012776662931016959,0.00006324947854433402,1.2259740829467771],[0.01275355707836958,0.9977870182968118,-0.06525626281456712,0.0030927106272429228],[0.0007706477782542277,0.06525174280448195,0.9978685199460384,0.9323104619979858],[0.0,0.0,0.0,1.0]],"cuboid":[0.564415454864502,0.1914183795452118,0.3871621489524842]},{"tf":[[0.9999969172750584,0.0024611616107461667,0.00010780553436842228,1.2126895189285278],[-0.0024488932387145544,0.9978685144257514,-0.06520992514775921,-0.011546392925083636],[-0.0002680679257749166,0.06520946326567005,0.9978715135418575,1.30829119682312],[0.0,0.0,0.0,1.0]],"cuboid":[0.5847828984260559,0.18455247581005096,0.3649103045463562]},{"tf":[[0.9999951894620076,0.0031004915199270835,0.00016730886274377268,1.2493292093276978],[-0.0031030895934411893,0.9998183543937642,0.018805558736640037,0.016181889921426773],[-0.00010897199534451205,-0.018805987258237778,0.9998231558407837,1.6895968914031982],[0.0,0.0,0.0,1.0]],"cuboid":[0.5353179574012756,0.1868509352207184,0.3843202888965606]},{"tf":[[0.9999965879182509,-0.002603292685131995,0.00017352341593262918,1.1821881532669067],[0.0025995788293522912,0.9998205882610378,0.018762104641715398,0.06160362809896469],[-0.00022233553544598453,-0.01876158969469894,0.9998239527088566,2.0617730617523193],[0.0,0.0,0.0,1.0]],"cuboid":[0.5924984216690063,0.1880280524492264,0.361570417881012]},{"tf":[[0.9999928462309521,0.0037964878516795098,0.00008432245616704283,1.1300935745239258],[-0.0037952386395482362,0.9984176490734612,0.0561062128971221,0.07867683470249176],[0.00012881751994272753,-0.056106128381669326,0.9984248588188455,2.432676076889038],[0.0,0.0,0.0,1.0]],"cuboid":[0.5504375696182251,0.18429455161094663,0.3741965889930725]},{"tf":[[0.999998041386339,-0.00198639321546732,-0.00009180371704635143,1.2474946975708008],[0.001986423996875896,0.9999979889465163,0.0003364298896444531,0.20493462681770325],[0.0000911352486896056,-0.0003366115855938254,0.999999957674724,0.1938050091266632],[0.0,0.0,0.0,1.0]],"cuboid":[0.5871225595474243,0.1827562153339386,0.3876267373561859]},{"tf":[[0.9995318480256824,0.03059602881650738,-0.00011692524180447089,1.248820424079895],[-0.030595984506799657,0.9995317900810877,0.0003636177176209132,0.22620807588100433],[0.00012799575147752314,-0.0003598700381284614,0.9999999499895645,0.5695306658744812],[0.0,0.0,0.0,1.0]],"cuboid":[0.5397976040840149,0.18964196741580963,0.3635615408420563]},{"tf":[[0.9999364531848643,-0.01127075953536252,-0.00009185192172444822,1.1970497369766235],[0.011270811873147688,0.999936282317828,0.0005907362581924969,0.20948782563209536],[0.00008518802499602153,-0.0005917339796437448,0.9999997957295309,0.9331035614013672],[0.0,0.0,0.0,1.0]],"cuboid":[0.5450202226638794,0.19693969190120697,0.36332911252975464]},{"tf":[[0.999588344787957,0.028689438559594202,-0.00005264357558463081,1.2189280986785889],[-0.0286894011418199,0.9995881609431159,0.0006102922427304548,0.202121302485466],[0.00007013083860965133,-0.0006085307166143793,0.9999997852320623,1.304518699645996],[0.0,0.0,0.0,1.0]],"cuboid":[0.5630646347999573,0.1805271953344345,0.3794573843479157]},{"tf":[[0.9999951919118194,0.0031077625571582783,-0.00003147545378827097,1.2095805406570437],[-0.003107733198737694,0.9999947934231278,0.0008933904934359078,0.21321578323841095],[0.00003425173469647227,-0.0008932883614058312,0.9999996219440758,1.685168981552124],[0.0,0.0,0.0,1.0]],"cuboid":[0.5803937911987305,0.20024752616882324,0.38169896602630615]},{"tf":[[0.9999926694254139,0.003834935600472918,0.00004020486453116958,1.1598254442214966],[-0.003835100683780083,0.9998746576660643,0.015362558770323775,0.24896983802318573],[0.000018714597940906814,-0.01536259998068712,0.9998820117512132,2.067349433898926],[0.0,0.0,0.0,1.0]],"cuboid":[0.577497661113739,0.1815647333860397,0.38078972697258]},{"tf":[[0.9999927671993506,0.0038014992391275397,0.00004194203382634943,1.189910650253296],[-0.0038016946269614467,0.9998744490931383,0.015382482740787342,0.27237552404403687],[0.000016539728571520313,-0.01538253102848165,0.999881675535765,2.448456287384033],[0.0,0.0,0.0,1.0]],"cuboid":[0.5873780250549316,0.18788857758045197,0.3820498287677765]},{"tf":[[0.9999980367778678,-0.0019810705039584662,-0.00013551617676639088,1.289435625076294],[0.0019811538454210732,0.9999978550500905,0.0006176481400673696,0.39452558755874634],[0.00013429228046662084,-0.0006179154007638386,0.999999808355335,0.1901834607124329],[0.0,0.0,0.0,1.0]],"cuboid":[0.5541454553604126,0.1961490958929062,0.3802494406700134]},{"tf":[[0.9995319126278195,0.030594207055464534,-0.00011857270782084392,1.2531598806381226],[-0.03059415734599516,0.9995318409301741,0.0004005362555254917,0.4195069372653961],[0.00013077128188715127,-0.0003967211248017181,0.9999999447187422,0.5668351650238037],[0.0,0.0,0.0,1.0]],"cuboid":[0.5867626070976257,0.1970146745443344,0.3727282583713531]},{"tf":[[0.999937412365482,-0.011186791120120913,-0.0001856120136278957,1.2251063585281372],[0.011186924295476049,0.999937159677403,0.0007326777297680153,0.3967191278934479],[0.00017740403633180113,-0.0007347082980300413,0.9999997180635029,0.9368959069252014],[0.0,0.0,0.0,1.0]],"cuboid":[0.5857401490211487,0.17675326764583588,0.3671494126319885]},{"tf":[[0.9994541266892846,0.03303596664761165,-0.00020011731240232944,1.243217706680298],[-0.033035785811199155,0.9994537929046187,0.0008480565603828095,0.39014098048210144],[0.0002280243789704004,-0.0008409826103592254,0.9999996036242481,1.301113486289978],[0.0,0.0,0.0,1.0]],"cuboid":[0.557817280292511,0.19377195835113523,0.3611367344856262]},{"tf":[[0.9999642950758911,0.008444513309164703,-0.000256111236664826,1.197055459022522],[-0.00844428118004018,0.9999639299430341,0.0008942890209911039,0.41380396485328674],[0.0002636538386313376,-0.0008920944299714992,0.9999995507392987,1.668541431427002],[0.0,0.0,0.0,1.0]],"cuboid":[0.5835479497909546,0.19775883853435516,0.3736445307731629]},{"tf":[[0.999992710662658,0.003822761531439142,-0.00010024680477471569,1.1737022399902344],[-0.003820769312340303,0.9998746075637426,0.015369313735895661,0.4315274953842163],[0.00015898745232589996,-0.015368818338579627,0.9998819025662302,2.0445337295532227],[0.0,0.0,0.0,1.0]],"cuboid":[0.5652337074279785,0.1843012571334839,0.3759576678276062]},{"tf":[[0.9999927510456164,0.003806177856636436,-0.00010379422156441874,1.226132035255432],[-0.003804131313922613,0.9998744815173652,0.015380172373011152,0.4546862840652466],[0.0001623208649961845,-0.015379666036710699,0.9998817127197761,2.4236481189727783],[0.0,0.0,0.0,1.0]],"cuboid":[0.5570536851882935,0.17772026360034943,0.3828788697719574]},{"tf":[[0.9997768669664662,-0.021123996033212827,-1.6765499148747347e-6,1.2742257118225098],[0.02112399597571165,0.9997768665479969,-0.000029017094115690214,0.5901327729225159],[2.2891327935652646e-6,0.000028975203909365575,1.0000000030438512,0.1824212372303009],[0.0,0.0,0.0,1.0]],"cuboid":[0.5855093598365784,0.17923541367053986,0.3648349940776825]},{"tf":[[0.9998441682714498,0.017653073174007314,-9.145932462527835e-7,1.2026654481887815],[-0.017653073194377047,0.9998441677465568,-0.00003239968970929279,0.6184152960777283],[3.4249663127381246e-7,0.00003241078632372425,0.9999999953845871,0.5547506809234619],[0.0,0.0,0.0,1.0]],"cuboid":[0.5750750303268433,0.1912195086479187,0.3798178434371948]},{"tf":[[0.9999359467357557,-0.011251541082606419,0.0012498282910394778,1.2102203369140625],[0.011181486542477505,0.9988615311065657,0.04637534750242462,0.5908579230308533],[-0.0017701994777586947,-0.04635840075473557,0.9989233313398457,0.9376190304756165],[0.0,0.0,0.0,1.0]],"cuboid":[0.5509030222892761,0.1949153393507004,0.37506103515625]},{"tf":[[0.999928504417255,0.011887419490761587,0.0012836038431832978,1.2253800630569458],[-0.011933993094914129,0.9988635045681236,0.04614381191232977,0.5981161594390869],[-0.0007336141943251303,-0.04615583199164095,0.9989339684435989,1.3077284097671509],[0.0,0.0,0.0,1.0]],"cuboid":[0.5808885097503662,0.18085357546806335,0.3650108575820923]},{"tf":[[0.9999639690451548,0.008391799771948582,0.0012904671201136488,1.1928813457489014],[-0.008442340983287567,0.9989028194187232,0.04606420772560255,0.6149515509605408],[-0.0009024896245795708,-0.04607344192973955,0.9989376609471506,1.6703251600265503],[0.0,0.0,0.0,1.0]],"cuboid":[0.5537245273590088,0.18832294642925265,0.3607501983642578]},{"tf":[[0.9999921761546242,0.003819593239422132,0.0010255266490774633,1.1973479986190796],[-0.0038370266446516024,0.9998382216268515,0.01757273935579735,0.620069682598114],[-0.0009582400277806042,-0.01757653690076393,0.9998450582437806,2.036942481994629],[0.0,0.0,0.0,1.0]],"cuboid":[0.5585370063781738,0.1923184096813202,0.3673224151134491]},{"tf":[[0.9999922374787096,0.0038053535371643556,0.0010545962942549187,1.2218164205551147],[-0.0038233022224533307,0.9998382733418818,0.01757490902970736,0.6333508491516113],[-0.000987546962148587,-0.017578804047599386,0.9998450271446151,2.4165902137756348],[0.0,0.0,0.0,1.0]],"cuboid":[0.5762526392936707,0.17892353236675262,0.3923566937446594]},{"tf":[[0.9999557757757529,0.009401178430722948,4.008382995910795e-6,1.2719855308532717],[-0.00940117847551227,0.9999557757194562,0.000011305455179570005,0.787722110748291],[-3.901921252160248e-6,-0.000011342639093311276,0.9999999677676799,0.17849315702915192],[0.0,0.0,0.0,1.0]],"cuboid":[0.5379883646965027,0.183084174990654,0.35698220133781433]},{"tf":[[0.9998691331601216,0.016177726381545667,0.000059998280289291794,1.222510814666748],[-0.016171187690371867,0.9995575860877376,-0.024962585206275898,0.817855715751648],[-0.00046380960809561664,0.024958348114842457,0.9996883872572836,0.579045832157135],[0.0,0.0,0.0,1.0]],"cuboid":[0.5878556966781616,0.19911448657512665,0.3783991038799286]},{"tf":[[0.9999379841886088,-0.011135940724352558,0.0000446840973226308,1.193213939666748],[0.01113360160466079,0.9996280499298053,-0.02489554386846433,0.7954702377319336],[0.00023256782568105972,0.024894497652727266,0.9996900486123127,0.9526219367980956],[0.0,0.0,0.0,1.0]],"cuboid":[0.5873503088951111,0.18902114033699036,0.36947131156921387]},{"tf":[[0.9999700101515336,0.007745442694898126,0.00009863016904421482,1.240754246711731],[-0.007740810264919522,0.99967909562624,-0.024120705571229684,0.7991741895675659],[-0.0002854240576983769,0.02411921844238497,0.9997090600008307,1.3156898021697998],[0.0,0.0,0.0,1.0]],"cuboid":[0.5624989867210388,0.18830230832099917,0.35590627789497375]},{"tf":[[0.9999642306196835,0.0084590413713433,0.00008493421106592507,1.1953370571136477],[-0.008457816661002471,0.9999170257200002,-0.009717619366664666,0.8136483430862427],[-0.00016712890586589708,0.009716553293447715,0.9999527917724828,1.685168981552124],[0.0,0.0,0.0,1.0]],"cuboid":[0.5618742108345032,0.18952277302742004,0.37998032569885254]},{"tf":[[0.9999926714551723,0.0038094921493499767,0.0003500626074101189,1.1584010124206543],[-0.003815049958455633,0.9998386518749771,0.017552588098634574,0.8147446513175964],[-0.0002831396820538333,-0.017553795165430215,0.9998458690445884,2.069445848464966],[0.0,0.0,0.0,1.0]],"cuboid":[0.5896991491317749,0.19547073543071747,0.3833644092082978]},{"tf":[[0.9999999766681813,-9.384044686729403e-6,0.0003506625699319897,1.218904733657837],[3.2233053856284003e-6,0.9998457664912704,0.017564726236287645,0.8154726624488831],[-0.0003507733007918092,-0.01756472402530522,0.9998457050048611,2.450159072875977],[0.0,0.0,0.0,1.0]],"cuboid":[0.5456806421279907,0.1818917691707611,0.3780081272125244]},{"tf":[[0.9999643469941496,-0.008443599412151375,-0.00013402892897996333,1.2170586585998535],[0.008443543842128715,0.9999642724334991,-0.0004099001728405067,1.0001801252365112],[0.0001374851727888805,0.00040875387797720643,0.9999999108061547,0.19586724042892456],[0.0,0.0,0.0,1.0]],"cuboid":[0.554339587688446,0.19602012634277344,0.39174485206604]},{"tf":[[0.9995335096042386,0.030541495177516247,-0.00012148916876744134,1.2616055011749268],[-0.030541532915464138,0.9995334639836928,-0.00032195185445639096,1.0224710702896118],[0.00011159959675874907,0.00032551212683861353,0.9999999580482233,0.5754055976867676],[0.0,0.0,0.0,1.0]],"cuboid":[0.5367845296859741,0.17916053533554077,0.3668854236602783]},{"tf":[[0.9999659723706928,-0.008156481585937864,0.001253509219199529,1.1161521673202517],[0.008057129182380312,0.9978295557415016,0.06535522729319757,1.0034570693969729],[-0.0017838572148009034,-0.06534290224152381,0.9978612971533576,0.9486926198005676],[0.0,0.0,0.0,1.0]],"cuboid":[0.5514654517173767,0.19432273507118225,0.3665521740913391]},{"tf":[[0.9999931675867652,-0.003477735249552584,0.0012350830313321952,1.229728937149048],[0.0033897615128721235,0.9978642234883378,0.06523385847606203,1.0089236497879028],[-0.00145931129171133,-0.06522922759256819,0.9978692166666948,1.3142019510269165],[0.0,0.0,0.0,1.0]],"cuboid":[0.5801656246185303,0.18561048805713656,0.3636002540588379]},{"tf":[[0.9999992817165838,-0.00009718877217406143,0.0011855682036520823,1.2200924158096311],[0.000019543883268258378,0.9978645755164982,0.06531666708139311,1.0163050889968872],[-0.001189384571774127,-0.06531659769865145,0.9978638714176996,1.6860506534576416],[0.0,0.0,0.0,1.0]],"cuboid":[0.576430082321167,0.1833653450012207,0.3792658746242523]},{"tf":[[0.9999921209530707,0.0038035265495879513,0.0011255899727907683,1.1687580347061155],[-0.003852212768991484,0.9988882067961278,0.04698389634353508,1.0141968727111816],[-0.0009456340638357495,-0.04698786273735176,0.998895000621594,2.066196918487549],[0.0,0.0,0.0,1.0]],"cuboid":[0.5354980230331421,0.1925426870584488,0.37653249502182007]},{"tf":[[0.9999998176510622,-0.000031447471304047654,0.0006208995921187827,1.1854594945907593],[2.2423092896565435e-6,0.9988957975462637,0.0469809264147746,1.010723114013672],[-0.0006216914178221694,-0.04698091594333773,0.9988956045775307,2.439628839492798],[0.0,0.0,0.0,1.0]],"cuboid":[0.5457472801208496,0.19814227521419525,0.36893430352211]},{"tf":[[0.9993970642279023,-0.034720569848855264,4.215522048068018e-6,1.241429328918457],[0.0347205698491733,0.9993970642367819,-2.262652500938799e-9,1.202857255935669],[-4.212901777466974e-6,1.4862661524615088e-7,1.0000000049789894,0.1810295134782791],[0.0,0.0,0.0,1.0]],"cuboid":[0.5857070684432983,0.1907637119293213,0.3620130717754364]},{"tf":[[0.9999145689868771,-0.013072549861608104,0.000033970016377166315,1.251754879951477],[0.013072551663281366,0.9999145681161754,-0.000053367699674551484,1.2161530256271362],[-0.00003326946170779091,0.00005380721419003129,1.0000000169919923,0.5436460971832275],[0.0,0.0,0.0,1.0]],"cuboid":[0.5607091188430786,0.1769908368587494,0.3631892800331116]},{"tf":[[0.9999833096187032,0.0057780315421449855,0.00003271315442448298,1.2468931674957275],[-0.005778029442585735,0.9999833081232776,-0.00006391568247986262,1.2122361660003662],[-0.000033081915106821785,0.00006372559793467397,1.0000000005396315,0.9190132021903992],[0.0,0.0,0.0,1.0]],"cuboid":[0.5654531121253967,0.18706798553466797,0.38754045963287354]},{"tf":[[0.9999989062591015,-0.0007020512576517095,0.0012922132308256485,1.2063090801239014],[0.0006119883754919837,0.9976561501338674,0.0684237296608412,1.201468586921692],[-0.001337221459053769,-0.06842286485162141,0.9976555009694819,1.3053507804870603],[0.0,0.0,0.0,1.0]],"cuboid":[0.5397459864616394,0.1972859799861908,0.37178918719291687]},{"tf":[[0.9999991649694179,-0.0000996343493395522,0.0012980926698690622,1.1550378799438477],[0.000010665257264250912,0.997660814758813,0.06835878504003699,1.2036566734313965],[-0.0013018670575076373,-0.06835871326242272,0.9976599703177366,1.6795462369918823],[0.0,0.0,0.0,1.0]],"cuboid":[0.577085554599762,0.1902512162923813,0.3749488890171051]},{"tf":[[0.9999588954091502,0.008971278141042885,0.0012974853041790582,1.162659764289856],[-0.00903900940457851,0.9976179930639654,0.06838564199812816,1.2117061614990234],[-0.0006808880836494111,-0.06839456039063527,0.9976580979012176,2.055746793746948],[0.0,0.0,0.0,1.0]],"cuboid":[0.5827814936637878,0.19014880061149597,0.37680426239967346]},{"tf":[[0.9999991047839275,-2.8185791099627295e-6,0.0013173100391011452,1.1901472806930542],[2.8802846780212803e-6,0.9999999713400191,-0.00004684020354383653,1.2171196937561035],[-0.0013173099056277657,0.00004684395713061998,0.9999991036908963,2.446004867553711],[0.0,0.0,0.0,1.0]],"cuboid":[0.5436621308326721,0.19749337434768677,0.39128178358078]},{"tf":[[0.9999974288364553,-0.0022581999301059196,0.00001261344772699494,1.2278121709823608],[0.00225820023388732,0.9999974286243867,-0.000024121835611888567,1.4029523134231567],[-0.000012558943633688892,0.00002415025779685249,0.999999978282291,0.18153324723243713],[0.0,0.0,0.0,1.0]],"cuboid":[0.5422136783599854,0.1912494450807571,0.3628383278846741]},{"tf":[[0.999951543028485,-0.009842184883705224,-4.229350786836987e-8,1.2819057703018188],[0.009842184792109882,0.9999515331175198,0.00014079337430299794,1.4080636501312256],[-1.3434229911349198e-6,-0.00014078697116932297,0.9999999685927788,0.5478184223175049],[0.0,0.0,0.0,1.0]],"cuboid":[0.5675250291824341,0.17820240557193756,0.36969223618507385]},{"tf":[[0.9999999849902119,-7.229436394089624e-6,0.000019553186716132546,1.18878436088562],[7.229442073759366e-6,0.9999999851813333,-2.904021753733644e-7,1.4056912660598757],[-0.000019553184616176663,2.905435339430739e-7,0.9999999850163022,1.6832600831985474],[0.0,0.0,0.0,1.0]],"cuboid":[0.583556056022644,0.1886182576417923,0.3868493437767029]},{"tf":[[0.9999591682831835,0.009036955428581787,0.000016541806837322607,1.1795791387557983],[-0.009036955418724464,0.9999591684198691,-6.705519084767221e-7,1.408330321311951],[-0.000016547191114968204,5.210369564360516e-7,1.0000000023982825,2.0716967582702637],[0.0,0.0,0.0,1.0]],"cuboid":[0.5852036476135254,0.17805688083171844,0.3900136649608612]},{"tf":[[0.9999999999326505,3.6416052106930373e-6,0.00002433585750603373,1.2130008935928345],[-3.641159061838457e-6,1.0000000000607197,-0.000018333001860186615,1.4079409837722778],[-0.000024335924263337862,0.000018332913243908278,0.9999999997712317,2.4520978927612305],[0.0,0.0,0.0,1.0]],"cuboid":[0.5755831599235535,0.18411949276924133,0.37078046798706055]}]