[{"tf": [[0.9999805092811584, -0.006253019906580448, -5.370961389417062e-06, 1.206160068511963], [0.006253019906580448, 0.9999803900718689, 4.888156763627194e-05, -1.3992691040039062], [5.065199275122723e-06, -4.891420030617155e-05, 0.9999999403953552, 0.1796841025352478], [0.0, 0.0, 0.0, 1.0]], "cuboid": [0.5673677921295166, 0.1947992593050003, 0.3592148721218109]}, {"tf": [[0.9996351003646851, -0.027013806626200676, 3.7544108636211604e-05, 1.212181568145752], [0.027013802900910378, 0.9996349811553955, 0.00015549750241916627, -1.397837519645691], [-4.1730985685717314e-05, -0.00015442653966601938, 1.0, 0.5473297238349915], [0.0, 0.0, 0.0, 1.0]], "cuboid": [0.5635302066802979, 0.18911141157150269, 0.37584713101387024]}, {"tf": [[1.0, -3.8990192479104735e-06, 2.9274311600602232e-05, 1.2338781356811523], [3.890957032126607e-06, 0.9999998807907104, 0.0002753983426373452, -1.406359314918518], [-2.9275386623339728e-05, -0.00027539822622202337, 0.9999999403953552, 1.6558440923690796], [0.0, 0.0, 0.0, 1.0]], "cuboid": [0.548075258731842, 0.18716800212860107, 0.3929862082004547]}, {"tf": [[0.9999998211860657, 0.00014162594743538648, 0.0006858156411908567, 1.2426337003707886], [-0.00010772651876322925, 0.99878990650177, -0.04917951300740242, -1.3977515697479248], [-0.000691950845066458, 0.049179427325725555, 0.9987897276878357, 2.0459518432617188], [0.0, 0.0, 0.0, 1.0]], "cuboid": [0.5605528354644775, 0.18605636060237885, 0.37811607122421265]}, {"tf": [[0.9999998211860657, 3.5168621252523735e-05, 0.0006763479323126376, 1.2404385805130005], [-1.8953021481138421e-06, 0.9987922310829163, -0.04913277179002762, -1.4013184309005737], [-0.0006772589986212552, 0.049132756888866425, 0.9987920522689819, 2.418081283569336], [0.0, 0.0, 0.0, 1.0]], "cuboid": [0.5590835213661194, 0.17961783707141876, 0.3655604422092438]}, {"tf": [[0.9991152286529541, 0.042055871337652206, 6.850035424577072e-05, 1.2153351306915283], [-0.04205586388707161, 0.9991151690483093, -0.00010069510608445853, -1.1901088953018188], [-7.267456385307014e-05, 9.772516932571307e-05, 1.0, 0.17963004112243652], [0.0, 0.0, 0.0, 1.0]], "cuboid": [0.5813827514648438, 0.19312670826911926, 0.359240859746933]}, {"tf": [[0.9996398687362671, -0.02683534286916256, 8.760569471633062e-05, 1.203269600868225], [0.02683534473180771, 0.9996398091316223, -2.411044988548383e-05, -1.2084766626358032], [-8.692713163327426e-05, 2.64526952378219e-05, 1.0, 0.5561727285385132], [0.0, 0.0, 0.0, 1.0]], "cuboid": [0.5483055710792542, 0.1867649406194687, 0.39365217089653015]}, {"tf": [[0.9994484782218933, -0.033207062631845474, 7.82409988460131e-05, 1.209647297859192], [0.033207084983587265, 0.9994484782218933, -0.0003029050421901047, -1.2110036611557007], [-6.813925574533641e-05, 0.00030533617245964706, 0.9999999403953552, 0.9358108043670654], [0.0, 0.0, 0.0, 1.0]], "cuboid": [0.5795014500617981, 0.18193382024765015, 0.3654172122478485]}, {"tf": [[1.0, -2.7090405637864023e-05, 0.00015526433708146214, 1.275631308555603], [2.7232434149482287e-05, 0.9999995231628418, -0.0009148294338956475, -1.213004231452942], [-0.0001552394824102521, 0.0009148336830548942, 0.9999995827674866, 1.3047902584075928], [0.0, 0.0, 0.0, 1.0]], "cuboid": [0.5462513566017151, 0.1992742270231247, 0.3722570538520813]}, {"tf": [[0.999950647354126, -0.009930495172739029, 0.00024200364714488387, 1.217137098312378], [0.009930782951414585, 0.9999499320983887, -0.0012212862493470311, -1.204588770866394], [-0.0002298635517945513, 0.0012236291076987982, 0.9999992847442627, 1.6763371229171753], [0.0, 0.0, 0.0, 1.0]], "cuboid": [0.5494665503501892, 0.1868935525417328, 0.3706207275390625]}, {"tf": [[0.9999998807907104, 0.00014674740668851882, 0.0004980291705578566, 1.2419549226760864], [-0.00012858798436354846, 0.9993420839309692, -0.036268748342990875, -1.2095638513565063], [-0.0005030238535255194, 0.036268677562475204, 0.9993419647216797, 2.053126811981201], [0.0, 0.0, 0.0, 1.0]], "cuboid": [0.542585551738739, 0.18570595979690552, 0.37650731205940247]}, {"tf": [[0.9985734820365906, 0.05339551717042923, 1.4490498188024503e-06, 1.2211737632751465], [-0.05339551717042923, 0.9985734224319458, -4.7294364776462317e-05, -0.9939740300178528], [-3.972289505327353e-06, 4.714952228823677e-05, 1.0, 0.1944877803325653], [0.0, 0.0, 0.0, 1.0]], "cuboid": [0.5887589454650879, 0.18326254189014435, 0.38883933424949646]}, {"tf": [[0.9995145201683044, -0.031158367171883583, 6.247249257285148e-05, 1.2323046922683716], [0.03115837462246418, 0.9995144605636597, -0.00012473200331442058, -1.0177011489868164], [-5.855570998392068e-05, 0.00012661798973567784, 1.0, 0.5765314102172852], [0.0, 0.0, 0.0, 1.0]], "cuboid": [0.5486484169960022, 0.19064439833164215, 0.37495729327201843]}, {"tf": [[0.999985933303833, -0.005296293646097183, 9.414330997969955e-05, 1.2132023572921753], [0.005296327639371157, 0.999985933303833, -0.0003617972834035754, -1.0197725296020508], [-9.222579683410004e-05, 0.0003622908261604607, 0.9999998807907104, 0.9498031139373779], [0.0, 0.0, 0.0, 1.0]], "cuboid": [0.5601446032524109, 0.18446974456310272, 0.37152406573295593]}, {"tf": [[0.999993622303009, -0.0035763466730713844, 8.880507084541023e-05, 1.2793241739273071], [0.0035763855557888746, 0.9999934434890747, -0.0004359643207862973, -1.0184998512268066], [-8.724534563953057e-05, 0.0004362791369203478, 0.9999998807907104, 1.3223166465759277], [0.0, 0.0, 0.0, 1.0]], "cuboid": [0.5847846865653992, 0.18074777722358704, 0.3733309209346771]}, {"tf": [[0.9999111890792847, -0.013327938504517078, 6.760643736924976e-05, 1.2418811321258545], [0.013327982276678085, 0.9999109506607056, -0.0006921651656739414, -1.0163767337799072], [-5.837528078700416e-05, 0.0006930048111826181, 0.9999997615814209, 1.6887339353561401], [0.0, 0.0, 0.0, 1.0]], "cuboid": [0.5907970070838928, 0.18492886424064636, 0.3594342768192291]}, {"tf": [[0.9999998807907104, 0.00032515646307729185, 6.51013178867288e-05, 1.233872652053833], [-0.0003251094021834433, 0.9999997019767761, -0.0007214039214886725, -1.0147426128387451], [-6.533586565637961e-05, 0.0007213827921077609, 0.9999997615814209, 2.046203851699829], [0.0, 0.0, 0.0, 1.0]], "cuboid": [0.5666564106941223, 0.1905308961868286, 0.3554445803165436]}, {"tf": [[0.9999937415122986, -0.003519010730087757, 6.640839274041355e-05, 1.0549983978271484], [0.0035190596245229244, 0.9999935030937195, -0.0007497433689422905, -1.0095157623291016], [-6.37695993646048e-05, 0.000749972474295646, 0.9999997019767761, 2.4137630462646484], [0.0, 0.0, 0.0, 1.0]], "cuboid": [0.5836974382400513, 0.1865842044353485, 0.3796347975730896]}, {"tf": [[0.9985998868942261, 0.05289726331830025, 1.3510039025277365e-05, 1.1953096389770508], [-0.05289726331830025, 0.9985999464988708, 3.653633393696509e-05, -0.810050904750824], [-1.155845257017063e-05, -3.719982487382367e-05, 1.0, 0.19578643143177032], [0.0, 0.0, 0.0, 1.0]], "cuboid": [0.5527664422988892, 0.18093879520893097, 0.3912365436553955]}, {"tf": [[0.9990432262420654, -0.04373236745595932, -0.00012544129276648164, 1.2242369651794434], [0.043732479214668274, 0.9990426898002625, 0.0010263918666169047, -0.8233752846717834], [8.043466368690133e-05, -0.0010308957425877452, 0.999999463558197, 0.5874305367469788], [0.0, 0.0, 0.0, 1.0]], "cuboid": [0.5661027431488037, 0.18678098917007446, 0.39163336157798767]}, {"tf": [[0.9999858736991882, -0.005315648857504129, -8.500358671881258e-05, 1.2530889511108398], [0.005315713118761778, 0.9999855756759644, 0.0007768618525005877, -0.8380038142204285], [8.087282913038507e-05, -0.0007773027173243463, 0.9999997019767761, 0.9733167886734009], [0.0, 0.0, 0.0, 1.0]], "cuboid": [0.5442095398902893, 0.178203284740448, 0.3799925744533539]}, {"tf": [[0.9999995827674866, 0.000954440503846854, -3.607983671827242e-05, 1.2175087928771973], [-0.0009544098866172135, 0.9999991655349731, 0.0008365079411305487, -0.8216695189476013], [3.6878202081425115e-05, -0.0008364729583263397, 0.9999997019767761, 1.3566370010375977], [0.0, 0.0, 0.0, 1.0]], "cuboid": [0.5606331825256348, 0.17790667712688446, 0.3866138160228729]}, {"tf": [[0.9999998807907104, 0.0003248284920118749, -3.061285678995773e-05, 1.2507511377334595], [-0.0003248049761168659, 0.9999997615814209, 0.000762958254199475, -0.8212854266166687], [3.086067226831801e-05, -0.0007629483588971198, 0.9999997615814209, 1.7282847166061401], [0.0, 0.0, 0.0, 1.0]], "cuboid": [0.56046462059021, 0.1963455080986023, 0.35665929317474365]}, {"tf": [[0.9999864101409912, -0.0052152215503156185, -3.279584780102596e-05, 1.2814009189605713], [0.005215245299041271, 0.9999860525131226, 0.0007572383619844913, -0.8191666603088379], [2.884622517740354e-05, -0.0007573990733362734, 0.9999997019767761, 2.0966081619262695], [0.0, 0.0, 0.0, 1.0]], "cuboid": [0.5390285849571228, 0.1915065497159958, 0.37998443841934204]}, {"tf": [[0.9997140765190125, -0.023912090808153152, -4.51070221174632e-08, 0.3515053987503052], [0.0239120926707983, 0.9997140765190125, 5.782563050615863e-08, -0.5485239624977112], [4.3711395392165286e-08, -5.8887700049581326e-08, 1.0, 0.09082775563001633], [0.0, 0.0, 0.0, 1.0]], "cuboid": [0.3710365295410156, 0.5872343182563782, 0.18165351450443268]}, {"tf": [[0.9999939799308777, 0.003447500290349126, 1.0778672958622337e-06, 1.2422219514846802], [-0.0034474998246878386, 0.9999940395355225, -5.066761877969839e-05, -0.6049296259880066], [-1.2525374586402904e-06, 5.0663606089074165e-05, 0.9999999403953552, 0.18711458146572113], [0.0, 0.0, 0.0, 1.0]], "cuboid": [0.58934086561203, 0.18891172111034393, 0.37420454621315]}, {"tf": [[0.9995079040527344, -0.031367432326078415, 1.93777923414018e-05, 1.2551299333572388], [0.03136743977665901, 0.9995079040527344, -0.00010823757475009188, -0.5986719131469727], [-1.597312257217709e-05, 0.00010879214096348733, 1.0, 0.5610814690589905], [0.0, 0.0, 0.0, 1.0]], "cuboid": [0.56758052110672, 0.1960509717464447, 0.37370604276657104]}, {"tf": [[0.9999812245368958, -0.0052012186497449875, -0.003253673203289509, 1.2677557468414307], [0.005433464422821999, 0.9970934391021729, 0.07599417120218277, -0.638693630695343], [0.002848953939974308, -0.07601042091846466, 0.9971029162406921, 0.9566285610198975], [0.0, 0.0, 0.0, 1.0]], "cuboid": [0.5360671877861023, 0.1937391757965088, 0.359043687582016]}, {"tf": [[0.9995214939117432, 0.030760738998651505, -0.0032445143442600965, 1.1963368654251099], [-0.03042665123939514, 0.9966598153114319, 0.07578682899475098, -0.6217201352119446], [0.00556493503972888, -0.0756518542766571, 0.9971187710762024, 1.316228985786438], [0.0, 0.0, 0.0, 1.0]], "cuboid": [0.5621221661567688, 0.18087120354175568, 0.3610151410102844]}, {"tf": [[0.9998089075088501, 0.01921861246228218, -0.003569255117326975, 1.217104196548462], [-0.01893647201359272, 0.9975734353065491, 0.06699616461992264, -0.6139530539512634], [0.0048481677658855915, -0.06691576540470123, 0.9977468252182007, 1.683233380317688], [0.0, 0.0, 0.0, 1.0]], "cuboid": [0.5575376152992249, 0.18969404697418213, 0.37061914801597595]}, {"tf": [[0.9999935030937195, 0.0005606951308436692, -0.0035631994251161814, 1.197685956954956], [-0.00032077680225484073, 0.9977543354034424, 0.06697946786880493, -0.615588903427124], [0.003592752618715167, -0.06697789579629898, 0.9977478981018066, 2.0652451515197754], [0.0, 0.0, 0.0, 1.0]], "cuboid": [0.5606329441070557, 0.18897739052772522, 0.3915501832962036]}, {"tf": [[0.9999830722808838, 0.0046391268260777, -0.0035139103420078754, 1.0281031131744385], [-0.004393286071717739, 0.9977430105209351, 0.0670035183429718, -0.6117948293685913], [0.003816817654296756, -0.06698694825172424, 0.9977465271949768, 2.454798460006714], [0.0, 0.0, 0.0, 1.0]], "cuboid": [0.5433000922203064, 0.19486752152442932, 0.38748517632484436]}, {"tf": [[0.9999813437461853, -0.0061072129756212234, -7.927454134915024e-06, 1.270956039428711], [0.006107213441282511, 0.9999813437461853, 2.7124566258862615e-05, -0.40999215841293335], [7.761650522297714e-06, -2.717247662076261e-05, 1.0, 0.18487755954265594], [0.0, 0.0, 0.0, 1.0]], "cuboid": [0.5617584586143494, 0.188642680644989, 0.3695908784866333]}, {"tf": [[0.9995037317276001, -0.031502027064561844, -5.827985660289414e-05, 1.254123568534851], [0.031502045691013336, 0.9995036721229553, 0.000293771707220003, -0.4018232524394989], [4.8996516852639616e-05, -0.00029546182486228645, 1.0, 0.560795247554779], [0.0, 0.0, 0.0, 1.0]], "cuboid": [0.567203938961029, 0.18950796127319336, 0.3819095492362976]}, {"tf": [[0.9998859167098999, -0.015101893804967403, 2.8086992642784026e-06, 1.2692536115646362], [0.01510188914835453, 0.9998857378959656, 0.0006603702786378562, -0.42259901762008667], [-1.2781219993485138e-05, -0.0006602525245398283, 0.9999997615814209, 0.9364333152770996], [0.0, 0.0, 0.0, 1.0]], "cuboid": [0.5780312418937683, 0.18053793907165527, 0.36917945742607117]}, {"tf": [[0.9996094107627869, 0.02794894017279148, -3.971496698795818e-05, 1.2253111600875854], [-0.0279488954693079, 0.9996089339256287, 0.000892503303475678, -0.4195004105567932], [6.464395846705884e-05, -0.0008910446194931865, 0.9999995827674866, 1.29860520362854], [0.0, 0.0, 0.0, 1.0]], "cuboid": [0.5737509727478027, 0.19899718463420868, 0.3551042377948761]}, {"tf": [[0.9994134306907654, 0.034246817231178284, -3.3589611120987684e-05, 1.225311279296875], [-0.034246768802404404, 0.9994129538536072, 0.0009371095220558345, -0.4060496389865875], [6.566291267517954e-05, -0.0009354095673188567, 0.9999995231628418, 1.664243221282959], [0.0, 0.0, 0.0, 1.0]], "cuboid": [0.5674268007278442, 0.19532640278339386, 0.37611690163612366]}, {"tf": [[0.9999456405639648, -0.01042595412582159, -5.111280916025862e-05, 1.2301428318023682], [0.010425999760627747, 0.9999451637268066, 0.0009881291771307588, -0.40559205412864685], [4.0807819459587336e-05, -0.0009886084590107203, 0.9999995231628418, 2.0343825817108154], [0.0, 0.0, 0.0, 1.0]], "cuboid": [0.5602326989173889, 0.1863323450088501, 0.36408841609954834]}, {"tf": [[0.9999894499778748, 0.004611113108694553, -6.2071907450445e-05, 1.2297892570495605], [-0.00461104279384017, 0.9999887347221375, 0.0010897908359766006, -0.4114345908164978], [6.709637091262266e-05, -0.0010894930455833673, 0.9999994039535522, 2.3971803188323975], [0.0, 0.0, 0.0, 1.0]], "cuboid": [0.5691483616828918, 0.19109438359737396, 0.3614674210548401]}, {"tf": [[0.9984256625175476, -0.05609246715903282, -8.700092621438671e-06, 1.2132956981658936], [0.05609247088432312, 0.9984255433082581, -2.268214120704215e-05, -0.19830435514450073], [9.958691407518927e-06, 2.2158417777973227e-05, 1.0, 0.1908852458000183], [0.0, 0.0, 0.0, 1.0]], "cuboid": [0.5784508585929871, 0.19056588411331177, 0.3815191984176636]}, {"tf": [[0.9999913573265076, -0.004146669991314411, -0.00027922593289986253, 1.2900961637496948], [0.0041468325071036816, 0.999991238117218, 0.0005844998522661626, -0.19062252342700958], [0.0002767997211776674, -0.0005856526549905539, 0.9999998211860657, 0.5656251311302185], [0.0, 0.0, 0.0, 1.0]], "cuboid": [0.5451399683952332, 0.1860467493534088, 0.3677160143852234]}, {"tf": [[0.9999697208404541, 0.007768917363137007, -0.00038854306330904365, 1.260556936264038], [-0.007762560620903969, 0.9998674392700195, 0.014313505962491035, -0.22909267246723175], [0.0004996919888071716, -0.01431005634367466, 0.9998974800109863, 0.9424880146980286], [0.0, 0.0, 0.0, 1.0]], "cuboid": [0.5435840487480164, 0.178105428814888, 0.38331809639930725]}, {"tf": [[0.9990432858467102, 0.04373156279325485, -0.0003977696760557592, 1.2608000040054321], [-0.043720729649066925, 0.9989316463470459, 0.014964978210628033, -0.21737417578697205], [0.0010517867049202323, -0.0149332694709301, 0.9998879432678223, 1.327978491783142], [0.0, 0.0, 0.0, 1.0]], "cuboid": [0.5713487267494202, 0.1841334104537964, 0.38760101795196533]}, {"tf": [[0.9994950294494629, 0.03177379071712494, -0.0003473066899459809, 1.160056471824646], [-0.03176474943757057, 0.9993780851364136, 0.015312795527279377, -0.17622026801109314], [0.0008336362079717219, -0.015294031240046024, 0.999882698059082, 1.7022517919540405], [0.0, 0.0, 0.0, 1.0]], "cuboid": [0.5776613354682922, 0.17826461791992188, 0.3620848059654236]}, {"tf": [[0.9994572997093201, -0.03293972089886665, -0.0003515821590553969, 1.1570069789886475], [0.032941244542598724, 0.9993403553962708, 0.015288579277694225, -0.20975233614444733], [-0.00015225127572193742, -0.015291862189769745, 0.9998831152915955, 2.0639445781707764], [0.0, 0.0, 0.0, 1.0]], "cuboid": [0.552098274230957, 0.1921919286251068, 0.3601062595844269]}, {"tf": [[0.999983012676239, 0.0046665258705616, -0.003492393298074603, 1.237042784690857], [-0.004612206947058439, 0.9998707175254822, 0.01540321484208107, -0.21768417954444885], [0.0035638215485960245, -0.015386845916509628, 0.9998752474784851, 2.4281487464904785], [0.0, 0.0, 0.0, 1.0]], "cuboid": [0.5835486650466919, 0.1911754161119461, 0.36602574586868286]}, {"tf": [[0.9985396265983582, -0.05402519181370735, 3.63135200132092e-06, 1.24166738986969], [0.05402519553899765, 0.9985395669937134, -2.4737129933782853e-05, -0.0044539859518408775], [-2.289620624651434e-06, 2.4897190087358467e-05, 0.9999999403953552, 0.1862477958202362], [0.0, 0.0, 0.0, 1.0]], "cuboid": [0.5426311492919922, 0.1784791797399521, 0.3724885582923889]}, {"tf": [[0.9999902844429016, -0.004157469142228365, 0.00146092486102134, 1.2575898170471191], [0.0041945152916014194, 0.9996441602706909, -0.02634275332093239, 0.0008044327259995043], [-0.0013508857227861881, 0.026348626241087914, 0.9996519088745117, 0.5688573718070984], [0.0, 0.0, 0.0, 1.0]], "cuboid": [0.5805817246437073, 0.18726085126399994, 0.38756290078163147]}, {"tf": [[0.9999061226844788, 0.013624334707856178, 0.001461521489545703, 1.2510737180709839], [-0.0135809862986207, 0.9995587468147278, -0.026418669149279594, -0.03464429825544357], [-0.001820813282392919, 0.026396341621875763, 0.9996498823165894, 0.9439607262611389], [0.0, 0.0, 0.0, 1.0]], "cuboid": [0.55226731300354, 0.18942315876483917, 0.3642187714576721]}, {"tf": [[0.9990376234054565, 0.043829552829265594, 0.0016828038496896625, 1.213578224182129], [-0.043769847601652145, 0.9986918568611145, -0.026436226442456245, -0.019375981763005257], [-0.0028392900712788105, 0.02633712999522686, 0.999649167060852, 1.3066941499710083], [0.0, 0.0, 0.0, 1.0]], "cuboid": [0.5740176439285278, 0.19323690235614777, 0.3599465489387512]}, {"tf": [[0.9994691014289856, 0.032394617795944214, 0.0034640925005078316, 1.2330342531204224], [-0.03187980875372887, 0.9943807125091553, -0.10094870626926422, 0.024158798158168793], [-0.006714821793138981, 0.10078468918800354, 0.9948856234550476, 1.6864033937454224], [0.0, 0.0, 0.0, 1.0]], "cuboid": [0.5340886116027832, 0.18568232655525208, 0.37009525299072266]}, {"tf": [[0.9997276663780212, -0.023335393518209457, 1.3272292562760413e-05, 1.1707814931869507], [0.02332667075097561, 0.9993693232536316, 0.026776393875479698, -0.015026049688458443], [-0.0006381016573868692, -0.026768794283270836, 0.9996414184570312, 2.0738909244537354], [0.0, 0.0, 0.0, 1.0]], "cuboid": [0.5931041836738586, 0.18628813326358795, 0.38753217458724976]}, {"tf": [[0.9999890327453613, 0.0046709682792425156, 0.00028062809724360704, 1.2083630561828613], [-0.0046747345477342606, 0.9998706579208374, 0.015393945388495922, -0.02840939722955227], [-0.00020868713909294456, -0.015395089983940125, 0.9998815059661865, 2.4531636238098145], [0.0, 0.0, 0.0, 1.0]], "cuboid": [0.5433347821235657, 0.1862632781267166, 0.3684329092502594]}, {"tf": [[0.9985746145248413, -0.05337543040513992, 1.0461281817697454e-05, 1.2209481000900269], [0.05337543413043022, 0.9985745549201965, -5.248338493402116e-05, 0.1824416220188141], [-7.645047844562214e-06, 5.296694507705979e-05, 1.0, 0.1886979341506958], [0.0, 0.0, 0.0, 1.0]], "cuboid": [0.5398328304290771, 0.18602631986141205, 0.37735065817832947]}, {"tf": [[0.9999886751174927, -0.000754713430069387, 0.004702085629105568, 1.1802232265472412], [0.0011349214473739266, 0.9966817498207092, -0.08138929307460785, 0.20111438632011414], [-0.004625057335942984, 0.08139370381832123, 0.9966713190078735, 0.5736804604530334], [0.0, 0.0, 0.0, 1.0]], "cuboid": [0.5776351690292358, 0.1918862760066986, 0.37524494528770447]}, {"tf": [[0.9991846084594727, 0.040100518614053726, 0.004687590524554253, 1.219071626663208], [-0.03958555683493614, 0.9958842396736145, -0.08153285086154938, 0.19341929256916046], [-0.007937806658446789, 0.08128081262111664, 0.9966596364974976, 0.9510036706924438], [0.0, 0.0, 0.0, 1.0]], "cuboid": [0.5750097036361694, 0.19072797894477844, 0.37811458110809326]}, {"tf": [[0.9986023306846619, 0.05264469236135483, 0.004674709402024746, 1.113674521446228], [-0.052090123295784, 0.9953153729438782, -0.08144912868738174, 0.1827324777841568], [-0.008940674364566803, 0.08109178394079208, 0.9966665506362915, 1.3275723457336426], [0.0, 0.0, 0.0, 1.0]], "cuboid": [0.5788368582725525, 0.1793152391910553, 0.3732404410839081]}, {"tf": [[0.9999528527259827, -0.008152725175023079, -0.005267394240945578, 1.2149614095687866], [0.007757845800369978, 0.9974408745765686, -0.07107493281364441, 0.21770547330379486], [0.00583336828276515, 0.07103072106838226, 0.9974570870399475, 1.7484508752822876], [0.0, 0.0, 0.0, 1.0]], "cuboid": [0.5539546608924866, 0.17721961438655853, 0.37588873505592346]}, {"tf": [[0.9997175931930542, -0.023174384608864784, -0.0052510532550513744, 1.1547632217407227], [0.02274411730468273, 0.997223436832428, -0.07090864330530167, 0.18808230757713318], [0.006879737600684166, 0.07076918333768845, 0.9974690079689026, 2.1232872009277344], [0.0, 0.0, 0.0, 1.0]], "cuboid": [0.5823771953582764, 0.18962672352790833, 0.3766769766807556]}, {"tf": [[0.999975323677063, 0.004670712631195784, -0.005245020147413015, 1.1961110830307007], [-0.0050309207290410995, 0.9974703192710876, -0.07090513408184052, 0.17453168332576752], [0.004900575149804354, 0.07092977315187454, 0.9974691867828369, 2.4943580627441406], [0.0, 0.0, 0.0, 1.0]], "cuboid": [0.5530794262886047, 0.19322285056114197, 0.365068256855011]}, {"tf": [[0.9982526898384094, -0.05908903852105141, -1.672266262175981e-05, 1.2400108575820923], [0.05908903852105141, 0.9982526898384094, 7.961533992784098e-05, 0.38140973448753357], [1.1989050108240917e-05, -8.046435686992481e-05, 0.9999999403953552, 0.19602727890014648], [0.0, 0.0, 0.0, 1.0]], "cuboid": [0.5348185300827026, 0.19051474332809448, 0.39158621430397034]}, {"tf": [[0.9998941421508789, 0.0145545220002532, -0.00011268466187175363, 1.1495188474655151], [-0.014554603025317192, 0.9998937845230103, -0.0007465165108442307, 0.4155278503894806], [0.0001018075126921758, 0.000748077523894608, 0.9999996423721313, 0.58919358253479], [0.0, 0.0, 0.0, 1.0]], "cuboid": [0.5803952217102051, 0.19825424253940582, 0.3945557773113251]}, {"tf": [[0.9998336434364319, -0.018242063000798225, -8.397829515160993e-05, 1.199920415878296], [0.018241992220282555, 0.999833345413208, -0.0007925073732621968, 0.4175202250480652], [9.842126746661961e-05, 0.0007908435654826462, 0.9999997019767761, 0.9789156317710876], [0.0, 0.0, 0.0, 1.0]], "cuboid": [0.5563462376594543, 0.18084047734737396, 0.3845459818840027]}, {"tf": [[0.9973370432853699, 0.07293038815259933, -0.0002046393055934459, 1.1494985818862915], [-0.07293057441711426, 0.9973365068435669, -0.0010916006285697222, 0.3939848244190216], [0.0001244833692908287, 0.0011036181822419167, 0.9999994039535522, 1.3682552576065063], [0.0, 0.0, 0.0, 1.0]], "cuboid": [0.5584239363670349, 0.1951470673084259, 0.393821120262146]}, {"tf": [[0.999970018863678, -0.007754538673907518, -9.162204514723271e-05, 1.2027204036712646], [0.0077544571831822395, 0.9999695420265198, -0.00087424908997491, 0.41120627522468567], [9.839867561822757e-05, 0.0008735123556107283, 0.9999995827674866, 1.7517039775848389], [0.0, 0.0, 0.0, 1.0]], "cuboid": [0.5464490652084351, 0.1840234100818634, 0.37290915846824646]}, {"tf": [[0.9999436736106873, -0.010619286447763443, -9.020877769216895e-05, 1.1647249460220337], [0.010619205422699451, 0.9999433159828186, -0.0008453038753941655, 0.3939153850078583], [9.91801789496094e-05, 0.0008442982798442245, 0.9999996423721313, 2.118962049484253], [0.0, 0.0, 0.0, 1.0]], "cuboid": [0.5596975088119507, 0.18882867693901062, 0.36154404282569885]}, {"tf": [[0.9999867677688599, 0.005151669029146433, -5.2905808843206614e-05, 1.1933937072753906], [-0.005151478573679924, 0.9999818801879883, 0.003129408461973071, 0.3759229779243469], [6.902653694851324e-05, -0.0031290946062654257, 0.9999951124191284, 2.477933406829834], [0.0, 0.0, 0.0, 1.0]], "cuboid": [0.5811210870742798, 0.18304458260536194, 0.3556884825229645]}, {"tf": [[0.999087929725647, -0.04269897937774658, -1.7905108506965917e-06, 1.2905707359313965], [0.04269897937774658, 0.999087929725647, 9.257032616005745e-06, 0.5805622935295105], [1.3936119103163946e-06, -9.325043720309623e-06, 0.9999999403953552, 0.18691319227218628], [0.0, 0.0, 0.0, 1.0]], "cuboid": [0.5471292734146118, 0.1801128387451172, 0.3738081455230713]}, {"tf": [[0.9998739957809448, 0.015867728739976883, -0.0003027518978342414, 1.1899340152740479], [-0.015870602801442146, 0.9996657967567444, -0.020404858514666557, 0.6105238199234009], [-2.112803304044064e-05, 0.020407091826200485, 0.9997917413711548, 0.5719466805458069], [0.0, 0.0, 0.0, 1.0]], "cuboid": [0.5360051393508911, 0.18448498845100403, 0.3924984931945801]}, {"tf": [[0.9999129772186279, -0.013187994249165058, -0.0001679443084867671, 1.1776312589645386], [0.013177010230720043, 0.999462366104126, -0.0300200916826725, 0.6144090294837952], [0.0005637588328681886, 0.030015267431735992, 0.9995492696762085, 0.9492970705032349], [0.0, 0.0, 0.0, 1.0]], "cuboid": [0.5446176528930664, 0.19519516825675964, 0.36001360416412354]}, {"tf": [[0.999547004699707, 0.03006858378648758, 0.001202157698571682, 1.1981232166290283], [-0.02998337522149086, 0.9985247254371643, -0.04527117684483528, 0.6101735234260559], [-0.00256162416189909, 0.045214634388685226, 0.9989740252494812, 1.3217874765396118], [0.0, 0.0, 0.0, 1.0]], "cuboid": [0.5549063086509705, 0.19107891619205475, 0.3810466527938843]}, {"tf": [[0.9998239278793335, -0.018722930923104286, 0.0012298243818804622, 1.2255384922027588], [0.01875937171280384, 0.9988037347793579, -0.045156534761190414, 0.6136897206306458], [-0.0003828905173577368, 0.045171644538640976, 0.9989792704582214, 1.708965539932251], [0.0, 0.0, 0.0, 1.0]], "cuboid": [0.5922347903251648, 0.1922176480293274, 0.3921873867511749]}, {"tf": [[0.9999435544013977, -0.010517310351133347, -0.0015093388501554728, 1.2067915201187134], [0.01061849296092987, 0.9841972589492798, 0.17675691843032837, 0.6140879392623901], [-0.0003735200152732432, -0.17676295340061188, 0.9842534065246582, 2.114900588989258], [0.0, 0.0, 0.0, 1.0]], "cuboid": [0.5906175971031189, 0.18477776646614075, 0.3869740068912506]}, {"tf": [[0.9999991059303284, 1.3370760825637262e-05, -0.0013166496064513922, 1.1564892530441284], [0.00020088556630071253, 0.9866931438446045, 0.16259315609931946, 0.6116087436676025], [0.0013013032730668783, -0.162593275308609, 0.9866923093795776, 2.5026447772979736], [0.0, 0.0, 0.0, 1.0]], "cuboid": [0.5492715835571289, 0.1835157424211502, 0.3748847544193268]}, {"tf": [[0.9989678263664246, -0.04542393237352371, -1.0056733117380645e-06, 1.2606805562973022], [0.04542393237352371, 0.9989677667617798, -3.572670539142564e-05, 0.76573246717453], [2.627482672323822e-06, 3.564414146239869e-05, 1.0, 0.18834009766578674], [0.0, 0.0, 0.0, 1.0]], "cuboid": [0.56159508228302, 0.17932967841625214, 0.3764706254005432]}, {"tf": [[0.9998680353164673, 0.016212323680520058, 0.0009989677928388119, 1.186118721961975], [-0.01616819016635418, 0.9992731213569641, -0.03452007472515106, 0.8063196539878845], [-0.0015578923048451543, 0.034499362111091614, 0.9994035959243774, 0.5775971412658691], [0.0, 0.0, 0.0, 1.0]], "cuboid": [0.5361987352371216, 0.2013881802558899, 0.39429670572280884]}, {"tf": [[0.9999125599861145, -0.01318945363163948, 0.0010206371080130339, 1.2251975536346436], [0.01321689784526825, 0.9993124604225159, -0.03464021906256676, 0.808327317237854], [-0.0005630497471429408, 0.03465067222714424, 0.9993993639945984, 0.9569609761238098], [0.0, 0.0, 0.0, 1.0]], "cuboid": [0.545993447303772, 0.18997423350811005, 0.3635494112968445]}, {"tf": [[0.9997810125350952, 0.020896606147289276, 0.0010462893405929208, 1.239357352256775], [-0.020847750827670097, 0.9991806745529175, -0.03469013050198555, 0.80470210313797], [-0.0017703379271551967, 0.03466072306036949, 0.9993975758552551, 1.3237842321395874], [0.0, 0.0, 0.0, 1.0]], "cuboid": [0.5796263217926025, 0.18586678802967072, 0.3699112832546234]}, {"tf": [[0.9999474287033081, -0.010194318369030952, 0.0010408065281808376, 1.198076844215393], [0.010224247351288795, 0.9993480443954468, -0.03462543711066246, 0.8041890859603882], [-0.0006871453369967639, 0.03463426232337952, 0.9993997812271118, 1.697951316833496], [0.0, 0.0, 0.0, 1.0]], "cuboid": [0.5624730587005615, 0.1761624664068222, 0.3778551518917084]}, {"tf": [[0.999947726726532, -0.01021962333470583, -0.00046128794201649725, 1.224471092224121], [0.010205686092376709, 0.993444561958313, 0.11385823786258698, 0.808571994304657], [-0.0007053244626149535, -0.11385699361562729, 0.9934968948364258, 2.095632314682007], [0.0, 0.0, 0.0, 1.0]], "cuboid": [0.5423352718353271, 0.1812254786491394, 0.39419934153556824]}, {"tf": [[0.9999998807907104, -5.823276296723634e-05, -0.0004586022114381194, 1.2391557693481445], [0.00011003263352904469, 0.9935064315795898, 0.11377619206905365, 0.8084027171134949], [0.0004489986749831587, -0.11377622932195663, 0.9935063123703003, 2.490772247314453], [0.0, 0.0, 0.0, 1.0]], "cuboid": [0.5478549599647522, 0.19193598628044128, 0.39087873697280884]}, {"tf": [[0.9995132088661194, -0.03119916468858719, -5.823305855301442e-06, 1.2791458368301392], [0.03119916468858719, 0.9995131492614746, -0.00012639324995689094, 0.9769127368927002], [9.763834896148182e-06, 0.00012615004379767925, 0.9999999403953552, 0.191369891166687], [0.0, 0.0, 0.0, 1.0]], "cuboid": [0.5669171810150146, 0.19654764235019684, 0.3827085793018341]}, {"tf": [[0.999858558177948, 0.016293352469801903, 0.00418190099298954, 1.2277326583862305], [-0.01604670286178589, 0.9984414577484131, -0.0534517765045166, 1.0064399242401123], [-0.005046292208135128, 0.05337711051106453, 0.998561680316925, 0.5828993916511536], [0.0, 0.0, 0.0, 1.0]], "cuboid": [0.5932921767234802, 0.19298233091831207, 0.38724902272224426]}, {"tf": [[0.9998061060905457, 0.019440457224845886, 0.0031353163067251444, 1.229976773262024], [-0.019245853647589684, 0.9983932971954346, -0.05329608917236328, 1.008647084236145], [-0.004166379105299711, 0.05322541296482086, 0.9985737800598145, 0.957288920879364], [0.0, 0.0, 0.0, 1.0]], "cuboid": [0.5459044575691223, 0.1862095147371292, 0.3596046566963196]}, {"tf": [[0.999950110912323, -0.00946826208382845, 0.0031540277414023876, 1.2097402811050415], [0.009622658602893353, 0.998538076877594, -0.05318930000066757, 0.9994778633117676], [-0.002645806409418583, 0.053217001259326935, 0.9985794425010681, 1.3329612016677856], [0.0, 0.0, 0.0, 1.0]], "cuboid": [0.578758955001831, 0.18030433356761932, 0.3913555145263672]}, {"tf": [[0.9999768733978271, 0.006031990051269531, 0.003162803128361702, 1.2632112503051758], [-0.0058550783433020115, 0.9985645413398743, -0.05324048176407814, 0.9969367980957031], [-0.0034794092644006014, 0.053220730274915695, 0.9985767602920532, 1.720720887184143], [0.0, 0.0, 0.0, 1.0]], "cuboid": [0.5793442130088806, 0.187696635723114, 0.3836475610733032]}, {"tf": [[0.9999465942382812, -0.009825991466641426, 0.003177355509251356, 1.2347558736801147], [0.009978581219911575, 0.998585045337677, -0.052231937646865845, 1.020384430885315], [-0.002659629099071026, 0.0522608608007431, 0.9986298680305481, 2.093907117843628], [0.0, 0.0, 0.0, 1.0]], "cuboid": [0.5516624450683594, 0.18288904428482056, 0.3588222861289978]}, {"tf": [[0.9999999403953552, -1.0250511877529789e-05, 0.000533499289304018, 1.250231385231018], [7.177370662247995e-07, 0.9998403787612915, 0.01786532811820507, 1.0128437280654907], [-0.0005335973110049963, -0.017865324392914772, 0.999840259552002, 2.4751503467559814], [0.0, 0.0, 0.0, 1.0]], "cuboid": [0.5803094506263733, 0.18120484054088593, 0.3902835547924042]}, {"tf": [[0.9967978000640869, -0.07996238768100739, 4.302673551137559e-05, 1.2886077165603638], [0.07996240258216858, 0.9967977404594421, -0.0005216621211729944, 1.1960152387619019], [-1.1756056892409106e-06, 0.0005234322161413729, 0.9999998211860657, 0.19693106412887573], [0.0, 0.0, 0.0, 1.0]], "cuboid": [0.5701597332954407, 0.18406303226947784, 0.39381715655326843]}, {"tf": [[0.9999264478683472, 0.012126688845455647, 8.254198473878205e-05, 1.24727463722229], [-0.012126677669584751, 0.9999265074729919, -0.0001263530139112845, 1.2123874425888062], [-8.406816050410271e-05, 0.0001253427763003856, 1.0, 0.5887112617492676], [0.0, 0.0, 0.0, 1.0]], "cuboid": [0.5349870324134827, 0.1970328837633133, 0.3893180191516876]}, {"tf": [[0.9996626377105713, 0.025975530967116356, 2.9518825613195077e-05, 1.2570860385894775], [-0.025975529104471207, 0.9996625781059265, -8.35423925309442e-05, 1.2112207412719727], [-3.167892282363027e-05, 8.274743595393375e-05, 1.0, 0.9712372422218323], [0.0, 0.0, 0.0, 1.0]], "cuboid": [0.5821337103843689, 0.18204770982265472, 0.3756125569343567]}, {"tf": [[0.999855637550354, -0.016988417133688927, 5.306002276483923e-05, 1.22282874584198], [0.01698843203485012, 0.999855637550354, -0.0003215753531549126, 1.213558554649353], [-4.758929935633205e-05, 0.00032243033638224006, 1.0, 1.3507710695266724], [0.0, 0.0, 0.0, 1.0]], "cuboid": [0.5405247807502747, 0.1868470311164856, 0.3832339644432068]}, {"tf": [[0.9999637603759766, -0.00851299986243248, 4.024337977170944e-05, 1.2036726474761963], [0.008513005450367928, 0.9999638199806213, -0.00013357428542803973, 1.214961290359497], [-3.9104805182432756e-05, 0.00013391203538049012, 0.9999999403953552, 1.7355263233184814], [0.0, 0.0, 0.0, 1.0]], "cuboid": [0.5746210217475891, 0.18672527372837067, 0.3862020969390869]}, {"tf": [[0.9999955892562866, -0.0029626593459397554, -3.0478690860036295e-07, 1.2380642890930176], [0.002962659113109112, 0.9999955892562866, -0.00013022178609389812, 1.2139527797698975], [6.905883651597833e-07, 0.00013022030179854482, 1.0, 2.1267189979553223], [0.0, 0.0, 0.0, 1.0]], "cuboid": [0.5564453601837158, 0.1796886920928955, 0.39615875482559204]}, {"tf": [[1.0, -4.275509581930237e-07, -4.6272384679468814e-06, 1.2077019214630127], [4.271354612228606e-07, 1.0, -8.978678670246154e-05, 1.206094741821289], [4.627276666724356e-06, 8.978678670246154e-05, 1.0, 2.521038770675659], [0.0, 0.0, 0.0, 1.0]], "cuboid": [0.5369943380355835, 0.19831502437591553, 0.3924708664417267]}, {"tf": [[0.9962431192398071, -0.08659933507442474, 4.873482248513028e-05, 1.1975445747375488], [0.08659931272268295, 0.9962432384490967, 0.00011350023851264268, 1.3795522451400757], [-5.838078141096048e-05, -0.00010885344818234444, 0.9999999403953552, 0.18634501099586487], [0.0, 0.0, 0.0, 1.0]], "cuboid": [0.5571557283401489, 0.1933417171239853, 0.3726596236228943]}, {"tf": [[0.999994158744812, 0.0033926931209862232, 6.157996540423483e-05, 1.2857944965362549], [-0.003392688697203994, 0.9999942779541016, -7.000064215390012e-05, 1.4059621095657349], [-6.181710341479629e-05, 6.979132740525529e-05, 1.0, 0.5708299875259399], [0.0, 0.0, 0.0, 1.0]], "cuboid": [0.5428014993667603, 0.1861010491847992, 0.39625629782676697]}, {"tf": [[0.9999800324440002, -0.006324722897261381, 2.9896242267568596e-05, 1.1822187900543213], [0.0063247280195355415, 0.9999799132347107, -0.00014487578300759196, 1.4037468433380127], [-2.8979347916902043e-05, 0.00014506197476293892, 1.0, 1.6663830280303955], [0.0, 0.0, 0.0, 1.0]], "cuboid": [0.5833985805511475, 0.188772052526474, 0.3655399978160858]}, {"tf": [[0.9999985694885254, -0.0016662508714944124, 4.896388782071881e-05, 1.274397850036621], [0.0016662509879097342, 0.9999986290931702, -3.0869132388033904e-06, 1.4061959981918335], [-4.895866732113063e-05, 3.168494913552422e-06, 1.0, 2.040419340133667], [0.0, 0.0, 0.0, 1.0]], "cuboid": [0.5487321615219116, 0.18664053082466125, 0.3824364244937897]}, {"tf": [[1.0, 1.3817431181450957e-06, 6.715134077239782e-05, 1.2787333726882935], [-1.3821443189954152e-06, 1.0, 5.973322004138026e-06, 1.4026366472244263], [-6.71513334964402e-05, -5.973414317850256e-06, 1.0, 2.420391321182251], [0.0, 0.0, 0.0, 1.0]], "cuboid": [0.5619001984596252, 0.1947246491909027, 0.3774943947792053]}]