[{"tf": [[-0.48852190375328064, -0.8662592768669128, 0.10460058599710464, 17.333234786987305], [-0.5969232320785522, 0.24435684084892273, -0.7641808390617371, -17.953006744384766], [0.6364188194274902, -0.4357576072216034, -0.63646399974823, 3.2227559089660645], [0.0, 0.0, 0.0, 1.0]], "size": [1.3996858596801758, 0.6275312900543213, 0.5898181796073914]}, {"tf": [[-4.371138828673793e-08, 0.3628639280796051, 0.9318421483039856, -0.037510182708501816], [0.0, -0.9318421483039856, 0.3628639280796051, 1.916003704071045], [1.0, 1.586128739461401e-08, 4.073211457011894e-08, 0.489528626203537], [0.0, 0.0, 0.0, 1.0]], "size": [0.898944616317749, 1.843438982963562, 1.8466110229492188]}, {"tf": [[0.9940716624259949, -0.10872669517993927, 1.872927839485783e-07, -2.628338575363159], [0.10872669517993927, 0.9940716624259949, -1.2198793228890281e-06, -3.482088088989258], [-5.354901233545206e-08, 1.2330111758274143e-06, 1.0, 0.7559010982513428], [0.0, 0.0, 0.0, 1.0]], "size": [1.8755966424942017, 1.3969265222549438, 1.4346407651901245]}, {"tf": [[7.549790126404332e-08, 0.7832465767860413, 0.621711254119873, -4.376282215118408], [0.0, -0.6217111945152283, 0.783246636390686, -5.148789405822754], [1.0, -5.913346967645339e-08, -4.693789179555097e-08, 0.40584683418273926], [0.0, 0.0, 0.0, 1.0]], "size": [0.7316020131111145, 1.186800479888916, 0.7512068152427673]}, {"tf": [[0.28488972783088684, -0.9585602879524231, -3.1048207915773673e-07, -1.5112870931625366], [0.9585602879524231, 0.28488972783088684, -4.235210440128867e-07, -7.44907808303833], [4.944236025039572e-07, -1.7695900567105127e-07, 0.9999999403953552, 0.9132899641990662], [0.0, 0.0, 0.0, 1.0]], "size": [1.0515719652175903, 0.592718243598938, 1.846664547920227]}, {"tf": [[0.6241797804832458, -1.532335858200895e-07, 0.7812807559967041, 0.33924761414527893], [-0.7812807559967041, 7.084585007532951e-08, 0.6241798400878906, -1.0054208040237427], [-1.5099580252808664e-07, -1.0, -7.549790126404332e-08, 0.34556666016578674], [0.0, 0.0, 0.0, 1.0]], "size": [1.0632244348526, 0.6110567450523376, 1.8730887174606323]}, {"tf": [[0.9477176666259766, 2.1368049374359543e-07, 0.31911009550094604, -2.8209211826324463], [-0.31911012530326843, 1.3349924188332807e-07, 0.9477176070213318, -7.763983726501465], [1.5990781321306713e-07, -1.0, 1.947071694985425e-07, 0.9249034523963928], [0.0, 0.0, 0.0, 1.0]], "size": [1.0422747135162354, 1.8460873365402222, 0.8896909952163696]}, {"tf": [[-0.6449048519134521, -5.770023747686537e-08, -0.764262855052948, 0.995155930519104], [0.764262855052948, -4.8688963971699195e-08, -0.6449048519134521, -1.7329922914505005], [0.0, -1.0, 7.549790126404332e-08, 0.38130396604537964], [0.0, 0.0, 0.0, 1.0]], "size": [0.9030089974403381, 0.6825224161148071, 1.7551600933074951]}, {"tf": [[1.9470718370939721e-07, 0.7992545366287231, 0.6009925603866577, 3.6914355754852295], [0.0, -0.6009925603866577, 0.7992546558380127, 0.7923328280448914], [1.0, -1.556206115083114e-07, -1.1701758495519243e-07, 0.32961857318878174], [0.0, 0.0, 0.0, 1.0]], "size": [0.5791645646095276, 1.1563591957092285, 0.7811428308486938]}, {"tf": [[-0.15485769510269165, -0.987936794757843, 9.52447898328046e-09, -4.623910427093506], [0.987936794757843, -0.15485769510269165, 1.2624226997104415e-07, 0.9010581970214844], [-1.2324443332545343e-07, 2.8959172837517144e-08, 1.0, 0.661191463470459], [0.0, 0.0, 0.0, 1.0]], "size": [1.3877787590026855, 1.3749754428863525, 1.24222731590271]}, {"tf": [[1.9470719792025193e-07, -0.9953396916389465, 0.09643011540174484, -1.8161512613296509], [0.0, -0.09643010795116425, -0.9953397512435913, -5.06058406829834], [1.0, 1.9379980642497685e-07, -1.877563704510976e-08, 0.7685161828994751], [0.0, 0.0, 0.0, 1.0]], "size": [1.4568500518798828, 1.759920597076416, 1.9358785152435303]}, {"tf": [[0.018460698425769806, -0.9998295903205872, -3.2417193551737e-07, -9.089441299438477], [0.9998295307159424, 0.018460698425769806, 9.342314655214068e-08, -4.882516860961914], [-8.742277657347586e-08, -3.2584136988589307e-07, 1.0, 0.34309643507003784], [0.0, 0.0, 0.0, 1.0]], "size": [1.4779536724090576, 1.976104497909546, 0.6061169505119324]}, {"tf": [[-0.9611791372299194, 0.2759251594543457, -4.1878072920553677e-07, -7.681065559387207], [0.2759251594543457, 0.9611791372299194, -2.77908441148611e-07, 3.9909257888793945], [3.2584136988589307e-07, -3.82671970555748e-07, -0.9999999403953552, 0.6412972807884216], [0.0, 0.0, 0.0, 1.0]], "size": [1.993323564529419, 1.4468525648117065, 1.2024438381195068]}, {"tf": [[-0.19740337133407593, -2.9953250191283587e-07, 0.9803223609924316, -5.906888008117676], [0.9803223013877869, -1.0272407280353946e-07, 0.19740337133407593, 6.2227253913879395], [4.15739833670159e-08, 0.9999999403953552, 3.1391647326017846e-07, 0.31356048583984375], [0.0, 0.0, 0.0, 1.0]], "size": [1.656369924545288, 0.5470524430274963, 1.8457010984420776]}, {"tf": [[1.1924880638503055e-08, -0.9210679531097412, 0.38940173387527466, -3.980586290359497], [0.0, -0.38940173387527466, -0.921068012714386, 6.536422252655029], [1.0, 1.098362467644165e-08, -4.6435690848056765e-09, 0.43945834040641785], [0.0, 0.0, 0.0, 1.0]], "size": [0.7988166213035583, 1.4960482120513916, 1.5977754592895508]}, {"tf": [[1.148381556959066e-06, 0.23026782274246216, 0.9731273055076599, 12.91958236694336], [0.0, -0.9731273651123047, 0.23026782274246216, 12.083043098449707], [1.0, -2.64435328745094e-07, -1.1175213785463711e-06, 0.7948464751243591], [0.0, 0.0, 0.0, 1.0]], "size": [1.5104219913482666, 1.8556195497512817, 1.4989676475524902]}, {"tf": [[0.9523266553878784, -0.3050802946090698, 8.372705195824892e-08, -5.770740509033203], [-0.3050802946090698, -0.9523267149925232, -2.5197564923473692e-08, 3.9811556339263916], [8.742277657347586e-08, -1.5471620651297258e-09, -1.0, 0.30029919743537903], [0.0, 0.0, 0.0, 1.0]], "size": [1.7938119173049927, 1.9978675842285156, 0.5205331444740295]}, {"tf": [[1.9470718370939721e-07, 0.464223712682724, 0.885718047618866, 4.7083516120910645], [0.0, 0.885718047618866, -0.4642237424850464, -1.145914077758789], [-1.0, 9.038769377411882e-08, 1.7245568528778676e-07, 0.29033443331718445], [0.0, 0.0, 0.0, 1.0]], "size": [0.5006062984466553, 0.5414670705795288, 1.5285743474960327]}, {"tf": [[-0.46421653032302856, 0.8857216835021973, -4.708286027721442e-08, 5.166754722595215], [-0.8857218027114868, -0.46421653032302856, -1.776639635409083e-08, -0.6969084739685059], [-3.759272360071009e-08, 3.345485666272907e-08, 1.0, 0.4364759624004364], [0.0, 0.0, 0.0, 1.0]], "size": [0.6826267242431641, 1.236435055732727, 0.8024361729621887]}, {"tf": [[3.1391647326017846e-07, 0.47386184334754944, -0.8805992007255554, -3.246238946914673], [0.0, -0.8805991411209106, -0.47386181354522705, 8.436429023742676], [-1.0, 1.4875304543693346e-07, -2.76434604984388e-07, 0.6098490357398987], [0.0, 0.0, 0.0, 1.0]], "size": [1.1395553350448608, 1.1598924398422241, 1.5092228651046753]}, {"tf": [[0.9349134564399719, -3.5011018439945474e-07, 0.354875773191452, 4.3809027671813965], [-0.35487574338912964, 8.614084379132692e-08, 0.9349134564399719, 3.262263059616089], [-3.578920200197899e-07, -1.0, -4.371138828673793e-08, 0.30483683943748474], [0.0, 0.0, 0.0, 1.0]], "size": [1.411197304725647, 0.5296077728271484, 1.5031816959381104]}, {"tf": [[0.9082852602005005, 2.0517611574177863e-06, 0.4183513820171356, 2.637969970703125], [0.4183513820171356, -4.090462880412815e-06, -0.9082852602005005, 1.732833743095398], [-1.523336550235399e-07, 1.0, -4.573664682538947e-06, 0.3478875756263733], [0.0, 0.0, 0.0, 1.0]], "size": [1.8603397607803345, 0.6157014966011047, 0.9360610246658325]}, {"tf": [[-0.9671138525009155, -0.25434404611587524, 3.086445303779328e-07, -1.9420157670974731], [-0.25434407591819763, 0.9671137928962708, -7.488018809453933e-07, -1.5839401483535767], [-1.0804108541151436e-07, -8.026785280890181e-07, -1.0, 0.4008197486400604], [0.0, 0.0, 0.0, 1.0]], "size": [1.0931097269058228, 0.5110759139060974, 0.7398490309715271]}, {"tf": [[0.2918401062488556, -1.8586476357995707e-07, 0.9564670324325562, 7.359189510345459], [-0.9564670920372009, 5.089385624046372e-08, 0.291840136051178, 7.4678826332092285], [-1.0292109919873837e-07, -0.9999999403953552, -1.6292068494294654e-07, 0.9598974585533142], [0.0, 0.0, 0.0, 1.0]], "size": [1.8283073902130127, 1.9333593845367432, 0.7607766389846802]}, {"tf": [[1.947071694985425e-07, -0.9052324891090393, 0.42491650581359863, -7.224493503570557], [0.0, -0.42491647601127625, -0.9052325487136841, -1.855534315109253], [0.9999999403953552, 1.7625526993469975e-07, -8.273428875327227e-08, 0.765789270401001], [0.0, 0.0, 0.0, 1.0]], "size": [1.4513970613479614, 1.877152442932129, 1.7676044702529907]}, {"tf": [[0.9240738153457642, -0.38221415877342224, -1.0674501282892379e-07, 4.63084077835083], [-0.38221418857574463, -0.9240736961364746, -1.1925058629458363e-07, -2.4375815391540527], [-5.3061015137245704e-08, 1.5099578831723193e-07, -1.0, 0.6037243604660034], [0.0, 0.0, 0.0, 1.0]], "size": [1.285808801651001, 1.6406304836273193, 1.127307415008545]}, {"tf": [[-4.371138473402425e-08, -0.9022183418273926, 0.43127962946891785, -2.056042194366455], [0.0, -0.43127962946891785, -0.9022182822227478, -0.47718390822410583], [1.0, -3.943721793575605e-08, 1.8851832095378995e-08, 0.5588146448135376], [0.0, 0.0, 0.0, 1.0]], "size": [1.037499189376831, 1.0480707883834839, 1.3236374855041504]}, {"tf": [[7.549790126404332e-08, 0.9605878591537476, 0.2779766321182251, 4.956506252288818], [0.0, -0.2779766321182251, 0.9605877995491028, -5.113837242126465], [1.0, -7.252236144950075e-08, -2.098664886318602e-08, 0.5903583765029907], [0.0, 0.0, 0.0, 1.0]], "size": [1.100578784942627, 1.720780611038208, 1.584531307220459]}, {"tf": [[1.9470718370939721e-07, 0.8597139120101929, 0.5107759237289429, 2.8124098777770996], [0.0, 0.5107759833335876, -0.8597138524055481, -6.640910625457764], [-0.9999999403953552, 1.6739248565045273e-07, 9.945174639369725e-08, 0.4915730059146881], [0.0, 0.0, 0.0, 1.0]], "size": [0.9030328989028931, 1.5578850507736206, 1.7221264839172363]}, {"tf": [[0.9997150301933289, 5.010976877883877e-08, -0.023872926831245422, -1.826722502708435], [0.023872924968600273, -2.8101379712097696e-07, 0.9997150301933289, 3.871347665786743], [4.3386869208461576e-08, -1.0, -2.821300029154372e-07, 0.6082137823104858], [0.0, 0.0, 0.0, 1.0]], "size": [1.7894614934921265, 1.1362855434417725, 1.1712566614151]}]