[{"tf": [[0.9992313981056213, -0.03919903561472893, 7.318075222428888e-05, 1.2557004690170288], [0.039199039340019226, 0.9992314577102661, -0.00014355909661389887, -1.3964279890060425], [-6.749712338205427e-05, 0.00014631739759352058, 1.0, 0.19626498222351074], [0.0, 0.0, 0.0, 1.0]], "size": [0.5826545357704163, 0.18438805639743805, 0.39259135723114014]}, {"tf": [[1.0, -1.2969404679097352e-06, 8.879549568518996e-05, 1.2603293657302856], [1.3071100966044469e-06, 1.0, -0.00011452808394096792, -1.4027469158172607], [-8.879535016603768e-05, 0.00011452819308033213, 1.0, 0.5844019651412964], [0.0, 0.0, 0.0, 1.0]], "size": [0.5766159296035767, 0.19446773827075958, 0.38319969177246094]}, {"tf": [[1.0, -6.263532213779399e-06, -2.0862091332674026e-05, 1.2746509313583374], [6.265886440814938e-06, 1.0, 0.00011285780783509836, -1.399993896484375], [2.0861383745796047e-05, -0.00011285793880233541, 1.0, 0.9692897200584412], [0.0, 0.0, 0.0, 1.0]], "size": [0.5496089458465576, 0.1999552696943283, 0.3864580988883972]}, {"tf": [[0.9999920725822449, 0.003972056321799755, -7.337301212828606e-06, 1.2607613801956177], [-0.003972056321799755, 0.9999921321868896, 4.6440778532996774e-05, -1.4040292501449585], [7.52170763007598e-06, -4.641126361093484e-05, 1.0, 1.3548316955566406], [0.0, 0.0, 0.0, 1.0]], "size": [0.5497204065322876, 0.18892216682434082, 0.38460007309913635]}, {"tf": [[0.9999944567680359, 0.003318623872473836, -1.5935815099510364e-05, 1.2320845127105713], [-0.0033186236396431923, 0.9999945759773254, 1.5201339920167811e-05, -1.398110270500183], [1.5986175640136935e-05, -1.5148370948736556e-05, 1.0, 1.7291464805603027], [0.0, 0.0, 0.0, 1.0]], "size": [0.5933045148849487, 0.20171333849430084, 0.3639485538005829]}, {"tf": [[0.9999917149543762, 0.004058850463479757, 8.240886018029414e-06, 1.2379002571105957], [-0.004058850463479757, 0.9999917149543762, 7.644944707863033e-05, -1.4076826572418213], [-7.9305200415547e-06, -7.648226892342791e-05, 1.0, 2.0912649631500244], [0.0, 0.0, 0.0, 1.0]], "size": [0.5825077295303345, 0.18207651376724243, 0.36020007729530334]}, {"tf": [[0.9999663233757019, -0.008212287910282612, 1.336393142992165e-05, 1.1045621633529663], [0.008212287910282612, 0.9999663233757019, 5.86151236348087e-06, -1.3921488523483276], [-1.3411618056125008e-05, -5.751566277467646e-06, 1.0, 2.4601120948791504], [0.0, 0.0, 0.0, 1.0]], "size": [0.5515398383140564, 0.20193645358085632, 0.3774755895137787]}, {"tf": [[0.9996793270111084, -0.025322016328573227, 3.4499998946557753e-06, 1.2747108936309814], [0.025322016328573227, 0.9996793270111084, 1.1824219654954504e-05, -1.191266417503357], [-3.748306653506006e-06, -1.1733068276953418e-05, 1.0, 0.19052700698375702], [0.0, 0.0, 0.0, 1.0]], "size": [0.5922489762306213, 0.19884367287158966, 0.3809608817100525]}, {"tf": [[1.0, -0.000194229869521223, -7.077110058162361e-05, 1.2277932167053223], [0.00019826318020932376, 0.9980558753013611, 0.06232701987028122, -1.1950844526290894], [5.852772665093653e-05, -0.062327031046152115, 0.9980558753013611, 0.5841311812400818], [0.0, 0.0, 0.0, 1.0]], "size": [0.5504552721977234, 0.19647331535816193, 0.3945246934890747]}, {"tf": [[0.999830424785614, -0.018414147198200226, -3.845498213195242e-06, 1.2443448305130005], [0.018378382548689842, 0.997875452041626, 0.06250359863042831, -1.1837700605392456], [-0.0011471131583675742, -0.06249307468533516, 0.9980447292327881, 0.962921142578125], [0.0, 0.0, 0.0, 1.0]], "size": [0.5811078548431396, 0.20122207701206207, 0.3627142608165741]}, {"tf": [[0.9999995827674866, 0.0009377109236083925, -1.919404348882381e-05, 1.2821682691574097], [-0.0009281735983677208, 0.9923547506332397, 0.12341402471065521, -1.1962153911590576], [0.00013477395987138152, -0.12341392785310745, 0.9923553466796875, 1.33294677734375], [0.0, 0.0, 0.0, 1.0]], "size": [0.5769238471984863, 0.18161416053771973, 0.36381056904792786]}, {"tf": [[0.9999614953994751, 0.00877360813319683, -4.3788517359644175e-05, 1.247957468032837], [-0.008699620142579079, 0.9921513795852661, 0.12473979592323303, -1.1661953926086426], [0.0011378629133105278, -0.12473460286855698, 0.9921894669532776, 1.701291799545288], [0.0, 0.0, 0.0, 1.0]], "size": [0.5800302624702454, 0.1885889768600464, 0.3742772042751312]}, {"tf": [[0.9999979734420776, -0.0020286047365516424, -7.824702333891764e-05, 1.2434298992156982], [0.0020224961917847395, 0.992169976234436, 0.12487875670194626, -1.1515620946884155], [-0.00017569528426975012, -0.1248786672949791, 0.9921719431877136, 2.0681862831115723], [0.0, 0.0, 0.0, 1.0]], "size": [0.5463808178901672, 0.1846131682395935, 0.35738277435302734]}, {"tf": [[0.998633861541748, 0.05224468559026718, -0.0008807212579995394, 1.125984787940979], [-0.05172601714730263, 0.9908247590065002, 0.12486318498849869, -1.118367314338684], [0.007396077737212181, -0.12464705109596252, 0.9921735525131226, 2.427791118621826], [0.0, 0.0, 0.0, 1.0]], "size": [0.5568124055862427, 0.1919262707233429, 0.36425158381462097]}, {"tf": [[0.9996166825294495, -0.027686037123203278, -2.2303142031887546e-05, 1.2837620973587036], [0.027686037123203278, 0.9996166825294495, -3.439112697378732e-05, -0.9836747646331787], [2.3246746422955766e-05, 3.3760457881726325e-05, 1.0, 0.18567946553230286], [0.0, 0.0, 0.0, 1.0]], "size": [0.5434367060661316, 0.1804647594690323, 0.37135520577430725]}, {"tf": [[0.9999996423721313, -0.0009452502708882093, -9.095929999602959e-05, 1.234276533126831], [0.0009489632793702185, 0.9982693195343018, 0.058800067752599716, -1.0042186975479126], [3.522110637277365e-05, -0.05880013853311539, 0.9982696771621704, 0.5607161521911621], [0.0, 0.0, 0.0, 1.0]], "size": [0.5826137065887451, 0.18569841980934143, 0.36831435561180115]}, {"tf": [[1.0, -0.00020572580979205668, -4.300455202610465e-06, 1.1660144329071045], [0.00020562369900289923, 0.9982771873474121, 0.05867369845509529, -0.9819077849388123], [-7.777647624607198e-06, -0.05867370590567589, 0.9982771873474121, 0.9323465824127197], [0.0, 0.0, 0.0, 1.0]], "size": [0.5597524046897888, 0.1868300586938858, 0.37608909606933594]}, {"tf": [[0.9999869465827942, 0.004955017473548651, -0.0012547652004286647, 1.2253366708755493], [-0.004754561930894852, 0.9918243885040283, 0.12752081453800201, -1.0076508522033691], [0.0018763747066259384, -0.12751315534114838, 0.9918351769447327, 1.3179372549057007], [0.0, 0.0, 0.0, 1.0]], "size": [0.5386346578598022, 0.18579478561878204, 0.3738563060760498]}, {"tf": [[0.9999869465827942, 0.00495661236345768, -0.00128750572912395, 1.2150555849075317], [-0.004751842934638262, 0.9918162226676941, 0.12758557498455048, -0.9757344722747803], [0.001909361220896244, -0.12757781147956848, 0.9918267130851746, 1.6818503141403198], [0.0, 0.0, 0.0, 1.0]], "size": [0.5651688575744629, 0.19062848389148712, 0.3561614155769348]}, {"tf": [[0.9999938011169434, 0.003508332883939147, 0.00021545079653151333, 1.2341333627700806], [-0.0035005169920623302, 0.9884693622589111, 0.15138013660907745, -0.9580813050270081], [0.0003181255015078932, -0.15137994289398193, 0.9884756803512573, 2.0470376014709473], [0.0, 0.0, 0.0, 1.0]], "size": [0.5370120406150818, 0.19188351929187775, 0.3672056496143341]}, {"tf": [[0.9999922513961792, 0.003940505441278219, 0.00020205487089697272, 1.1638120412826538], [-0.003925694618374109, 0.9884731769561768, 0.15134570002555847, -0.9157859086990356], [0.0003966527874581516, -0.15134531259536743, 0.9884808659553528, 2.4128012657165527], [0.0, 0.0, 0.0, 1.0]], "size": [0.5824767351150513, 0.17946143448352814, 0.3686533272266388]}, {"tf": [[0.9990488886833191, -0.04360437020659447, -0.00011652379907900468, 1.2838369607925415], [0.04360440373420715, 0.9990488290786743, 0.0002750304702203721, -0.7851134538650513], [0.00010442043276270851, -0.00027984983171336353, 0.9999998807907104, 0.17820532619953156], [0.0, 0.0, 0.0, 1.0]], "size": [0.5390969514846802, 0.18771080672740936, 0.3563527762889862]}, {"tf": [[0.9999362230300903, -0.011293791234493256, -0.00013333621609490365, 1.218019962310791], [0.011293822899460793, 0.9999362230300903, 0.00024114438565447927, -0.7868391275405884], [0.0001306042686337605, -0.00024263488012365997, 0.9999999403953552, 0.5429973602294922], [0.0, 0.0, 0.0, 1.0]], "size": [0.5653718709945679, 0.19778919219970703, 0.37309473752975464]}, {"tf": [[0.9999598860740662, -0.008958365768194199, -0.0001813243143260479, 1.1579604148864746], [0.00895839836448431, 0.9999598264694214, 0.00017335309530608356, -0.7814738154411316], [0.00017976407252717763, -0.00017497049702797085, 1.0, 0.9150218963623047], [0.0, 0.0, 0.0, 1.0]], "size": [0.5925723910331726, 0.1892479956150055, 0.3707892894744873]}, {"tf": [[0.9997426271438599, 0.022684767842292786, 4.055820681969635e-05, 1.193198323249817], [-0.022590642794966698, 0.9954284429550171, 0.0927998498082161, -0.8074913024902344], [0.0020647705532610416, -0.09277687966823578, 0.9956848621368408, 1.2895679473876953], [0.0, 0.0, 0.0, 1.0]], "size": [0.5648836493492126, 0.18713019788265228, 0.36144065856933594]}, {"tf": [[0.9999879002571106, 0.004908226430416107, 6.745364953530952e-05, 1.1627933979034424], [-0.0048932237550616264, 0.9956532716751099, 0.09300914406776428, -0.7811991572380066], [0.00038934944313950837, -0.09300835430622101, 0.9956651926040649, 1.6595077514648438], [0.0, 0.0, 0.0, 1.0]], "size": [0.5766332149505615, 0.18811745941638947, 0.37997716665267944]}, {"tf": [[0.9999938011169434, 0.0035230652429163456, 1.917098961712327e-05, 1.213486671447754], [-0.0035095883067697287, 0.9956625699996948, 0.09297170490026474, -0.7514342665672302], [0.00030845755827613175, -0.09297119826078415, 0.9956687688827515, 2.0429248809814453], [0.0, 0.0, 0.0, 1.0]], "size": [0.54791659116745, 0.1989627182483673, 0.3890378475189209]}, {"tf": [[0.999992311000824, 0.003920551855117083, 2.3691369278822094e-05, 1.193374752998352], [-0.003905762918293476, 0.9956582188606262, 0.09300219267606735, -0.7141485214233398], [0.00034103140933439136, -0.09300157427787781, 0.9956659078598022, 2.4329917430877686], [0.0, 0.0, 0.0, 1.0]], "size": [0.575223445892334, 0.1971721649169922, 0.39463862776756287]}, {"tf": [[0.9993994832038879, -0.034649983048439026, -2.568619129306171e-05, 1.2780590057373047], [0.034649983048439026, 0.9993995428085327, -0.0001232606009580195, -0.5806174874305725], [2.9941744287498295e-05, 0.00012229656567797065, 1.0, 0.1895139068365097], [0.0, 0.0, 0.0, 1.0]], "size": [0.5630315542221069, 0.19668669998645782, 0.3789927363395691]}, {"tf": [[0.9987831711769104, -0.04931698366999626, -5.659164162352681e-05, 1.2159663438796997], [0.04931696876883507, 0.9987831115722656, -0.00030052667716518044, -0.581368625164032], [7.13438494130969e-05, 0.0002973700757138431, 0.9999998807907104, 0.5583580732345581], [0.0, 0.0, 0.0, 1.0]], "size": [0.5822752714157104, 0.18648768961429596, 0.3586348295211792]}, {"tf": [[0.9999598264694214, -0.008964989334344864, -4.5238437451189384e-05, 1.141273021697998], [0.008964977227151394, 0.9999597668647766, -0.00023333476565312594, -0.5908629298210144], [4.732846355182119e-05, 0.0002329198323423043, 0.9999999403953552, 0.9338510632514954], [0.0, 0.0, 0.0, 1.0]], "size": [0.5639939308166504, 0.19210529327392578, 0.39218318462371826]}, {"tf": [[0.9994623064994812, 0.03278603404760361, -1.0925170499831438e-05, 1.1861222982406616], [-0.032786041498184204, 0.9994623064994812, -0.0002702218189369887, -0.5995908379554749], [2.0597940419975203e-06, 0.0002704347134567797, 0.9999999403953552, 1.312291145324707], [0.0, 0.0, 0.0, 1.0]], "size": [0.5492908954620361, 0.18984104692935944, 0.3646201491355896]}, {"tf": [[0.9999879002571106, 0.0049100955948233604, 0.0004932103911414742, 1.1906030178070068], [-0.004934682510793209, 0.9956594705581665, 0.09293940663337708, -0.5889250040054321], [-3.472827302175574e-05, -0.09294069558382034, 0.9956716299057007, 1.6906781196594238], [0.0, 0.0, 0.0, 1.0]], "size": [0.5452441573143005, 0.18919481337070465, 0.37610357999801636]}, {"tf": [[0.9999936819076538, 0.0035251325462013483, 0.0004607381415553391, 1.170198678970337], [-0.0035527003929018974, 0.995662271976471, 0.09297376871109009, -0.5546868443489075], [-0.00013099468196742237, -0.09297482669353485, 0.9956684708595276, 2.0695674419403076], [0.0, 0.0, 0.0, 1.0]], "size": [0.5537797212600708, 0.1875137984752655, 0.384714275598526]}, {"tf": [[0.9999915361404419, 0.004096592776477337, -9.403761214343831e-05, 1.1704553365707397], [-0.004070093389600515, 0.9956578016281128, 0.09300007671117783, -0.5166835188865662], [0.00047461269423365593, -0.09299890697002411, 0.9956661462783813, 2.457016706466675], [0.0, 0.0, 0.0, 1.0]], "size": [0.5781700015068054, 0.19128894805908203, 0.39358165860176086]}, {"tf": [[0.998767077922821, -0.049643389880657196, -9.176609455607831e-05, 1.2624471187591553], [0.049643415957689285, 0.9987669587135315, 0.0003306784201413393, -0.38517993688583374], [7.523694512201473e-05, -0.000334826298058033, 0.9999999403953552, 0.1965283900499344], [0.0, 0.0, 0.0, 1.0]], "size": [0.575046181678772, 0.18653789162635803, 0.39296209812164307]}, {"tf": [[0.9996416568756104, -0.026766875758767128, -7.984029070939869e-05, 1.2286282777786255], [0.026766933500766754, 0.9996413588523865, 0.0008575003012083471, -0.38856226205825806], [5.685905125574209e-05, -0.0008593301754444838, 0.9999995827674866, 0.588743269443512], [0.0, 0.0, 0.0, 1.0]], "size": [0.5369927287101746, 0.18487919867038727, 0.39133745431900024]}, {"tf": [[0.9999598860740662, -0.008962462656199932, -5.157663326826878e-05, 1.2002619504928589], [0.008962511084973812, 0.9999592900276184, 0.0010112804593518376, -0.3952789306640625], [4.2510982893873006e-05, -0.0010117021156474948, 0.9999994039535522, 0.98175448179245], [0.0, 0.0, 0.0, 1.0]], "size": [0.5352684855461121, 0.1974969059228897, 0.3943917155265808]}, {"tf": [[0.9994688630104065, 0.032588910311460495, 4.2541567381704226e-05, 1.2025350332260132], [-0.03258894011378288, 0.9994678497314453, 0.0014452601317316294, -0.40157076716423035], [4.580528639053227e-06, -0.0014458788791671395, 0.999998927116394, 1.3769614696502686], [0.0, 0.0, 0.0, 1.0]], "size": [0.587345540523529, 0.19241183996200562, 0.3957401514053345]}, {"tf": [[0.9999938011169434, 0.003514679614454508, 0.00023961531405802816, 1.2467515468597412], [-0.0035227625630795956, 0.9981020092964172, 0.061480823904275894, -0.3898504972457886], [-2.3075135686667636e-05, -0.061481282114982605, 0.9981082677841187, 1.760507583618164], [0.0, 0.0, 0.0, 1.0]], "size": [0.5666226744651794, 0.18740811944007874, 0.36054134368896484]}, {"tf": [[0.9998867511749268, -0.015045059844851494, 0.00022572770831175148, 1.1687952280044556], [0.015002509579062462, 0.9979842305183411, 0.0616636723279953, -0.34067288041114807], [-0.0011530061019584537, -0.06165330484509468, 0.9980970025062561, 2.127800464630127], [0.0, 0.0, 0.0, 1.0]], "size": [0.5881853103637695, 0.1820865422487259, 0.378628134727478]}, {"tf": [[0.9999914169311523, 0.004093622323125601, 0.0007040863274596632, 1.074080467224121], [-0.004129244480282068, 0.9980891346931458, 0.06165347248315811, -0.31772467494010925], [-0.0004503549134824425, -0.06165584549307823, 0.9980973601341248, 2.499160051345825], [0.0, 0.0, 0.0, 1.0]], "size": [0.5614334940910339, 0.18758422136306763, 0.3651930093765259]}, {"tf": [[0.9999987483024597, -0.001569195999763906, 1.1284806532785296e-05, 1.2156776189804077], [0.001569195999763906, 0.9999987483024597, -2.691627514650463e-06, -0.1870194673538208], [-1.1280568287475035e-05, 2.709332193262526e-06, 1.0, 0.18637590110301971], [0.0, 0.0, 0.0, 1.0]], "size": [0.576261043548584, 0.17803148925304413, 0.37275463342666626]}, {"tf": [[0.9997885823249817, -0.020563622936606407, 3.1813578971195966e-05, 1.1973429918289185], [0.020563257858157158, 0.9997586011886597, -0.0077308365143835545, -0.19497036933898926], [0.00012716813944280148, 0.007729856297373772, 0.9999700784683228, 0.5671939253807068], [0.0, 0.0, 0.0, 1.0]], "size": [0.5854595303535461, 0.1854463666677475, 0.3875952363014221]}, {"tf": [[0.9999181628227234, -0.0127935241907835, 2.8410964659997262e-05, 1.2014702558517456], [0.012793360278010368, 0.999888002872467, -0.0077583626843988895, -0.19894945621490479], [7.084901153575629e-05, 0.007758089806884527, 0.9999699592590332, 0.9395670890808105], [0.0, 0.0, 0.0, 1.0]], "size": [0.5537686944007874, 0.18996892869472504, 0.3571509122848511]}, {"tf": [[0.9999970197677612, 0.002449755324050784, 5.26550002177828e-06, 1.1855559349060059], [-0.002449639141559601, 0.9999663233757019, -0.007827524095773697, -0.20421256124973297], [-2.4440842025796883e-05, 0.007827486842870712, 0.9999693632125854, 1.3136454820632935], [0.0, 0.0, 0.0, 1.0]], "size": [0.5697234272956848, 0.18016481399536133, 0.3910377323627472]}, {"tf": [[0.9999827146530151, 0.003044164041057229, 0.005033618770539761, 1.258923053741455], [-0.0038179175462573767, 0.9868385195732117, 0.1616637110710144, -0.18671147525310516], [-0.0044752382673323154, -0.16168013215065002, 0.9868330359458923, 1.7525897026062012], [0.0, 0.0, 0.0, 1.0]], "size": [0.5521811842918396, 0.18081802129745483, 0.38982269167900085]}, {"tf": [[0.9999818205833435, 0.003366781398653984, 0.00499230669811368, 1.2181622982025146], [-0.004058175720274448, 0.9893238544464111, 0.14567714929580688, -0.13755111396312714], [-0.004448544699698687, -0.145694762468338, 0.9893195629119873, 2.1370818614959717], [0.0, 0.0, 0.0, 1.0]], "size": [0.5352916121482849, 0.17996752262115479, 0.38192740082740784]}, {"tf": [[0.9999806880950928, 0.0037863890174776316, 0.0049319639801979065, 1.2098082304000854], [-0.00435680290684104, 0.9926041960716248, 0.12131745368242264, -0.11382465809583664], [-0.004436133429408073, -0.12133660167455673, 0.9926015138626099, 2.522608757019043], [0.0, 0.0, 0.0, 1.0]], "size": [0.5683386921882629, 0.19494353234767914, 0.3847735822200775]}, {"tf": [[0.9999457597732544, 0.010416397824883461, -1.0920304021055927e-06, 1.2591925859451294], [-0.010416398756206036, 0.9999457001686096, -3.4123220302717527e-06, 0.010959822684526443], [1.0564270951363142e-06, 3.423511543587665e-06, 0.9999999403953552, 0.187095507979393], [0.0, 0.0, 0.0, 1.0]], "size": [0.560310423374176, 0.19545960426330566, 0.37418705224990845]}, {"tf": [[0.9995294213294983, 0.030673647299408913, 4.422066194820218e-05, 1.2340787649154663], [-0.03060435689985752, 0.9973663687705994, -0.06575421243906021, 0.02099522389471531], [-0.002061025472357869, 0.06572191417217255, 0.9978359341621399, 0.5605900883674622], [0.0, 0.0, 0.0, 1.0]], "size": [0.5508339405059814, 0.19831883907318115, 0.35692647099494934]}, {"tf": [[0.9999183416366577, -0.012776662595570087, 6.32494775345549e-05, 1.2259740829467773], [0.012753557413816452, 0.9977869987487793, -0.065256267786026, 0.0030927106272429228], [0.0007706477772444487, 0.06525173783302307, 0.997868537902832, 0.9323104619979858], [0.0, 0.0, 0.0, 1.0]], "size": [0.564415454864502, 0.1914183795452118, 0.38716214895248413]}, {"tf": [[0.9999969005584717, 0.0024611614644527435, 0.00010780552838696167, 1.2126895189285278], [-0.0024488933850079775, 0.997868537902832, -0.06520992517471313, -0.011546392925083637], [-0.0002680679317563772, 0.06520946323871613, 0.997871458530426, 1.3082911968231201], [0.0, 0.0, 0.0, 1.0]], "size": [0.5847828984260559, 0.18455247581005096, 0.3649103045463562]}, {"tf": [[0.999995231628418, 0.003100491361692548, 0.00016730887000449002, 1.2493292093276978], [-0.003103089751675725, 0.9998183250427246, 0.01880555972456932, 0.016181889921426773], [-0.00010897198808379471, -0.018805986270308495, 0.9998231530189514, 1.6895968914031982], [0.0, 0.0, 0.0, 1.0]], "size": [0.5353179574012756, 0.18685093522071838, 0.38432028889656067]}, {"tf": [[0.9999966025352478, -0.0026032926980406046, 0.00017352341092191637, 1.1821881532669067], [0.0025995788164436817, 0.9998205900192261, 0.018762102350592613, 0.06160362809896469], [-0.00022233554045669734, -0.018761591985821724, 0.9998239278793335, 2.0617730617523193], [0.0, 0.0, 0.0, 1.0]], "size": [0.5924984216690063, 0.18802805244922638, 0.36157041788101196]}, {"tf": [[0.9999929070472717, 0.003796487580984831, 8.43224479467608e-05, 1.1300935745239258], [-0.003795238910242915, 0.9984176754951477, 0.056106213480234146, 0.07867683470249176], [0.0001288175117224455, -0.05610612779855728, 0.9984248280525208, 2.432676076889038], [0.0, 0.0, 0.0, 1.0]], "size": [0.5504375696182251, 0.18429455161094666, 0.3741965889930725]}, {"tf": [[0.9999979138374329, -0.0019863934721797705, -9.180372580885887e-05, 1.2474946975708008], [0.0019864237401634455, 0.9999980926513672, 0.00033642989001236856, 0.20493462681770325], [9.113523992709816e-05, -0.00033661158522590995, 1.0, 0.1938050091266632], [0.0, 0.0, 0.0, 1.0]], "size": [0.5871225595474243, 0.1827562153339386, 0.3876267373561859]}, {"tf": [[0.9995318055152893, 0.03059602901339531, -0.00011692524276440963, 1.248820424079895], [-0.030595984309911728, 0.9995318055152893, 0.0003636177279986441, 0.22620807588100433], [0.00012799575051758438, -0.0003598700277507305, 1.0, 0.5695306658744812], [0.0, 0.0, 0.0, 1.0]], "size": [0.5397976040840149, 0.18964196741580963, 0.3635615408420563]}, {"tf": [[0.9999364614486694, -0.011270759627223015, -9.185192175209522e-05, 1.1970497369766235], [0.011270811781287193, 0.9999362230300903, 0.0005907362792640924, 0.20948782563209534], [8.518802496837452e-05, -0.0005917339585721493, 0.9999998211860657, 0.9331035614013672], [0.0, 0.0, 0.0, 1.0]], "size": [0.5450202226638794, 0.19693969190120697, 0.36332911252975464]}, {"tf": [[0.9995883107185364, 0.028689438477158546, -5.264357605483383e-05, 1.2189280986785889], [-0.028689401224255562, 0.9995881915092468, 0.0006102922488935292, 0.202121302485466], [7.013083813944831e-05, -0.0006085307104513049, 0.9999997615814209, 1.304518699645996], [0.0, 0.0, 0.0, 1.0]], "size": [0.5630646347999573, 0.1805271953344345, 0.37945738434791565]}, {"tf": [[0.9999951720237732, 0.003107762662693858, -3.147545430692844e-05, 1.2095805406570435], [-0.003107733093202114, 0.9999948143959045, 0.000893390504643321, 0.21321578323841095], [3.4251734177814797e-05, -0.0008932883501984179, 0.9999996423721313, 1.685168981552124], [0.0, 0.0, 0.0, 1.0]], "size": [0.5803937911987305, 0.20024752616882324, 0.38169896602630615]}, {"tf": [[0.9999926686286926, 0.0038349356036633253, 4.020486449007876e-05, 1.1598254442214966], [-0.003835100680589676, 0.9998747110366821, 0.015362557955086231, 0.24896983802318573], [1.8714597899816e-05, -0.015362600795924664, 0.9998819828033447, 2.067349433898926], [0.0, 0.0, 0.0, 1.0]], "size": [0.577497661113739, 0.18156473338603973, 0.38078972697257996]}, {"tf": [[0.9999927878379822, 0.0038014990277588367, 4.194203211227432e-05, 1.189910650253296], [-0.0038016948383301497, 0.999874472618103, 0.015382482670247555, 0.27237552404403687], [1.6539726857445203e-05, -0.015382531099021435, 0.9998816251754761, 2.448456287384033], [0.0, 0.0, 0.0, 1.0]], "size": [0.5873780250549316, 0.18788857758045197, 0.3820498287677765]}, {"tf": [[0.9999980330467224, -0.0019810704980045557, -0.00013551616575568914, 1.289435625076294], [0.001981153851374984, 0.9999978542327881, 0.0006176481256261468, 0.39452558755874634], [0.00013429229147732258, -0.0006179154152050614, 0.9999998211860657, 0.19018346071243286], [0.0, 0.0, 0.0, 1.0]], "size": [0.5541454553604126, 0.1961490958929062, 0.3802494406700134]}, {"tf": [[0.9995319247245789, 0.03059420734643936, -0.00011857270874315873, 1.2531598806381226], [-0.030594157055020332, 0.9995318651199341, 0.0004005362279713154, 0.4195069372653961], [0.00013077128096483648, -0.00039672115235589445, 0.9999999403953552, 0.5668351650238037], [0.0, 0.0, 0.0, 1.0]], "size": [0.5867626070976257, 0.1970146745443344, 0.37272825837135315]}, {"tf": [[0.9999374151229858, -0.011186790652573109, -0.00018561202159617096, 1.2251063585281372], [0.011186924763023853, 0.999937117099762, 0.0007326777558773756, 0.3967191278934479], [0.00017740402836352587, -0.000734708271920681, 0.9999997615814209, 0.9368959069252014], [0.0, 0.0, 0.0, 1.0]], "size": [0.5857401490211487, 0.17675326764583588, 0.3671494126319885]}, {"tf": [[0.9994540810585022, 0.033035967499017715, -0.00020011732704006135, 1.2432177066802979], [-0.03303578495979309, 0.9994537830352783, 0.0008480565156787634, 0.39014098048210144], [0.00022802436433266848, -0.0008409826550632715, 0.9999996423721313, 1.301113486289978], [0.0, 0.0, 0.0, 1.0]], "size": [0.557817280292511, 0.19377195835113525, 0.3611367344856262]}, {"tf": [[0.9999642372131348, 0.008444513194262981, -0.00025611123419366777, 1.197055459022522], [-0.008444281294941902, 0.9999638795852661, 0.0008942890563048422, 0.41380396485328674], [0.0002636538411024958, -0.0008920943946577609, 0.9999996423721313, 1.668541431427002], [0.0, 0.0, 0.0, 1.0]], "size": [0.5835479497909546, 0.19775883853435516, 0.37364453077316284]}, {"tf": [[0.9999927282333374, 0.0038227613549679518, -0.00010024679795606062, 1.1737022399902344], [-0.003820769488811493, 0.9998745918273926, 0.015369313769042492, 0.4315274953842163], [0.00015898745914455503, -0.015368818305432796, 0.9998819231987, 2.0445337295532227], [0.0, 0.0, 0.0, 1.0]], "size": [0.5652337074279785, 0.1843012571334839, 0.3759576678276062]}, {"tf": [[0.9999927282333374, 0.003806177992373705, -0.0001037942201946862, 1.2261320352554321], [-0.0038041311781853437, 0.9998745322227478, 0.015380172058939934, 0.4546862840652466], [0.00016232086636591703, -0.015379666350781918, 0.9998816847801208, 2.4236481189727783], [0.0, 0.0, 0.0, 1.0]], "size": [0.5570536851882935, 0.17772026360034943, 0.3828788697719574]}, {"tf": [[0.9997768402099609, -0.021123996004462242, -1.6765500276960665e-06, 1.2742257118225098], [0.021123996004462242, 0.9997768998146057, -2.9017093766015023e-05, 0.5901327729225159], [2.2891326807439327e-06, 2.8975204259040765e-05, 1.0, 0.1824212372303009], [0.0, 0.0, 0.0, 1.0]], "size": [0.5855093598365784, 0.17923541367053986, 0.3648349940776825]}, {"tf": [[0.9998441934585571, 0.017653072252869606, -9.145932722276484e-07, 1.2026654481887817], [-0.017653074115514755, 0.9998441338539124, -3.239969373680651e-05, 0.6184152960777283], [3.4249660529894754e-07, 3.241078229621053e-05, 1.0, 0.5547506809234619], [0.0, 0.0, 0.0, 1.0]], "size": [0.5750750303268433, 0.1912195086479187, 0.3798178434371948]}, {"tf": [[0.9999359250068665, -0.01125154085457325, 0.0012498283758759499, 1.2102203369140625], [0.011181486770510674, 0.99886155128479, 0.046375349164009094, 0.5908579230308533], [-0.0017701993929222226, -0.04635839909315109, 0.9989233613014221, 0.9376190304756165], [0.0, 0.0, 0.0, 1.0]], "size": [0.5509030222892761, 0.19491533935070038, 0.37506103515625]}, {"tf": [[0.9999284744262695, 0.01188741996884346, 0.0012836039531975985, 1.2253800630569458], [-0.011933992616832256, 0.9988634586334229, 0.04614381492137909, 0.5981161594390869], [-0.0007336140843108296, -0.04615582898259163, 0.9989340305328369, 1.3077284097671509], [0.0, 0.0, 0.0, 1.0]], "size": [0.5808885097503662, 0.18085357546806335, 0.3650108575820923]}, {"tf": [[0.9999639391899109, 0.00839179940521717, 0.0012904671020805836, 1.1928813457489014], [-0.008442341350018978, 0.9989027976989746, 0.04606420546770096, 0.6149515509605408], [-0.0009024896426126361, -0.046073444187641144, 0.998937726020813, 1.6703251600265503], [0.0, 0.0, 0.0, 1.0]], "size": [0.5537245273590088, 0.18832294642925262, 0.3607501983642578]}, {"tf": [[0.9999921917915344, 0.0038195932283997536, 0.001025526667945087, 1.1973479986190796], [-0.0038370266556739807, 0.9998382329940796, 0.017572738230228424, 0.620069682598114], [-0.0009582400089129806, -0.017576538026332855, 0.999845027923584, 2.036942481994629], [0.0, 0.0, 0.0, 1.0]], "size": [0.5585370063781738, 0.1923184096813202, 0.3673224151134491]}, {"tf": [[0.9999922513961792, 0.0038053535390645266, 0.0010545962722972035, 1.2218164205551147], [-0.0038233022205531597, 0.9998382329940796, 0.017574910074472427, 0.6333508491516113], [-0.0009875469841063023, -0.01757880300283432, 0.9998450875282288, 2.4165902137756348], [0.0, 0.0, 0.0, 1.0]], "size": [0.5762526392936707, 0.17892353236675262, 0.3923566937446594]}, {"tf": [[0.9999557733535767, 0.009401178918778896, 4.008382802567212e-06, 1.2719855308532715], [-0.009401177987456322, 0.9999557733535767, 1.1305454790999647e-05, 0.787722110748291], [-3.901921445503831e-06, -1.1342639481881633e-05, 0.9999999403953552, 0.17849315702915192], [0.0, 0.0, 0.0, 1.0]], "size": [0.5379883646965027, 0.183084174990654, 0.35698220133781433]}, {"tf": [[0.9998691082000732, 0.016177726909518242, 5.999833228997886e-05, 1.222510814666748], [-0.016171187162399292, 0.9995576739311218, -0.02496258355677128, 0.817855715751648], [-0.0004638095560949296, 0.024958349764347076, 0.9996883273124695, 0.579045832157135], [0.0, 0.0, 0.0, 1.0]], "size": [0.5878556966781616, 0.19911448657512665, 0.3783991038799286]}, {"tf": [[0.9999380111694336, -0.011135940439999104, 4.46841077064164e-05, 1.193213939666748], [0.011133601889014244, 0.9996280074119568, -0.024895543232560158, 0.7954702377319336], [0.00023256783606484532, 0.02489449828863144, 0.999690055847168, 0.9526219367980957], [0.0, 0.0, 0.0, 1.0]], "size": [0.5873503088951111, 0.18902114033699036, 0.36947131156921387]}, {"tf": [[0.999970018863678, 0.007745442446321249, 9.863016748568043e-05, 1.240754246711731], [-0.007740810513496399, 0.9996790885925293, -0.02412070520222187, 0.7991741895675659], [-0.0002854240592569113, 0.024119218811392784, 0.9997090697288513, 1.3156898021697998], [0.0, 0.0, 0.0, 1.0]], "size": [0.5624989867210388, 0.18830230832099915, 0.35590627789497375]}, {"tf": [[0.9999642372131348, 0.008459040895104408, 8.493421046296135e-05, 1.1953370571136475], [-0.008457817137241364, 0.9999170303344727, -0.00971761904656887, 0.8136483430862427], [-0.0001671289064688608, 0.00971655361354351, 0.9999527931213379, 1.685168981552124], [0.0, 0.0, 0.0, 1.0]], "size": [0.5618742108345032, 0.18952277302742004, 0.37998032569885254]}, {"tf": [[0.9999926090240479, 0.0038094923365861177, 0.0003500626189634204, 1.1584010124206543], [-0.003815049771219492, 0.9998387098312378, 0.017552588135004044, 0.8147446513175964], [-0.0002831396705005318, -0.017553795129060745, 0.9998458623886108, 2.069445848464966], [0.0, 0.0, 0.0, 1.0]], "size": [0.5896991491317749, 0.19547073543071747, 0.38336440920829773]}, {"tf": [[0.9999999403953552, -9.384044460603036e-06, 0.0003506625653244555, 1.218904733657837], [3.2233056117547676e-06, 0.9998458027839661, 0.01756472699344158, 0.8154726624488831], [-0.00035077330539934337, -0.017564723268151283, 0.9998457431793213, 2.4501590728759766], [0.0, 0.0, 0.0, 1.0]], "size": [0.5456806421279907, 0.1818917691707611, 0.3780081272125244]}, {"tf": [[0.9999644160270691, -0.008443599566817284, -0.0001340289309155196, 1.2170586585998535], [0.008443543687462807, 0.9999642968177795, -0.00040990018169395626, 1.0001801252365112], [0.00013748517085332423, 0.0004087538691237569, 0.9999998211860657, 0.19586724042892456], [0.0, 0.0, 0.0, 1.0]], "size": [0.554339587688446, 0.19602012634277344, 0.39174485206604004]}, {"tf": [[0.999533474445343, 0.030541496351361275, -0.00012148917448939756, 1.2616055011749268], [-0.03054153174161911, 0.999533474445343, -0.00032195186940953135, 1.0224710702896118], [0.00011159959103679284, 0.00032551211188547313, 1.0, 0.5754055976867676], [0.0, 0.0, 0.0, 1.0]], "size": [0.5367845296859741, 0.17916053533554077, 0.3668854236602783]}, {"tf": [[0.9999659657478333, -0.008156481198966503, 0.0012535091955214739, 1.1161521673202515], [0.008057129569351673, 0.9978295564651489, 0.06535522639751434, 1.0034570693969727], [-0.0017838572384789586, -0.06534290313720703, 0.9978613257408142, 0.9486926198005676], [0.0, 0.0, 0.0, 1.0]], "size": [0.5514654517173767, 0.19432273507118225, 0.3665521740913391]}, {"tf": [[0.9999932050704956, -0.00347773521207273, 0.0012350829783827066, 1.2297289371490479], [0.0033897615503519773, 0.9978641867637634, 0.06523386389017105, 1.0089236497879028], [-0.0014593113446608186, -0.06522922217845917, 0.9978691935539246, 1.3142019510269165], [0.0, 0.0, 0.0, 1.0]], "size": [0.5801656246185303, 0.18561048805713654, 0.3636002540588379]}, {"tf": [[0.9999992251396179, -9.718877117848024e-05, 0.0011855681659653783, 1.2200924158096313], [1.9543884263839573e-05, 0.9978646039962769, 0.06531666964292526, 1.0163050889968872], [-0.0011893846094608307, -0.0653165951371193, 0.9978638887405396, 1.6860506534576416], [0.0, 0.0, 0.0, 1.0]], "size": [0.576430082321167, 0.1833653450012207, 0.3792658746242523]}, {"tf": [[0.9999921321868896, 0.0038035265170037746, 0.001125589944422245, 1.1687580347061157], [-0.0038522128015756607, 0.9988881945610046, 0.04698389768600464, 1.0141968727111816], [-0.0009456340922042727, -0.0469878613948822, 0.998894989490509, 2.066196918487549], [0.0, 0.0, 0.0, 1.0]], "size": [0.5354980230331421, 0.1925426870584488, 0.37653249502182007]}, {"tf": [[0.9999997615814209, -3.144747097394429e-05, 0.0006208996055647731, 1.1854594945907593], [2.242309619759908e-06, 0.9988958239555359, 0.046980924904346466, 1.0107231140136719], [-0.000621691404376179, -0.04698091745376587, 0.9988956451416016, 2.439628839492798], [0.0, 0.0, 0.0, 1.0]], "size": [0.5457472801208496, 0.19814227521419525, 0.36893430352211]}, {"tf": [[0.9993970394134521, -0.03472056984901428, 4.2155220398854e-06, 1.241429328918457], [0.03472056984901428, 0.9993970990180969, -2.2626420737026365e-09, 1.202857255935669], [-4.212901785649592e-06, 1.4862662567338703e-07, 1.0, 0.1810295134782791], [0.0, 0.0, 0.0, 1.0]], "size": [0.5857070684432983, 0.1907637119293213, 0.3620130717754364]}, {"tf": [[0.9999145865440369, -0.013072549365460873, 3.397001637495123e-05, 1.251754879951477], [0.013072552159428596, 0.9999145865440369, -5.3367701184470206e-05, 1.2161530256271362], [-3.3269461710006e-05, 5.380721268011257e-05, 1.0, 0.5436460971832275], [0.0, 0.0, 0.0, 1.0]], "size": [0.5607091188430786, 0.1769908368587494, 0.3631892800331116]}, {"tf": [[0.9999833106994629, 0.005778031423687935, 3.2713152904761955e-05, 1.2468931674957275], [-0.005778029561042786, 0.9999833106994629, -6.391567876562476e-05, 1.2122361660003662], [-3.308191662654281e-05, 6.372560164891183e-05, 1.0, 0.9190132021903992], [0.0, 0.0, 0.0, 1.0]], "size": [0.5654531121253967, 0.18706798553466797, 0.38754045963287354]}, {"tf": [[0.9999988675117493, -0.0007020512712188065, 0.0012922132154926658, 1.2063090801239014], [0.0006119883619248867, 0.9976561665534973, 0.06842372566461563, 1.201468586921692], [-0.0013372214743867517, -0.06842286884784698, 0.9976555109024048, 1.3053507804870605], [0.0, 0.0, 0.0, 1.0]], "size": [0.5397459864616394, 0.1972859799861908, 0.37178918719291687]}, {"tf": [[0.9999991655349731, -9.963435149984434e-05, 0.0012980926549062133, 1.1550378799438477], [1.066525510395877e-05, 0.9976608157157898, 0.06835877895355225, 1.2036566734313965], [-0.0013018670724704862, -0.06835871934890747, 0.9976599812507629, 1.6795462369918823], [0.0, 0.0, 0.0, 1.0]], "size": [0.577085554599762, 0.1902512162923813, 0.3749488890171051]}, {"tf": [[0.999958872795105, 0.008971278555691242, 0.0012974851997569203, 1.162659764289856], [-0.009039008989930153, 0.9976180195808411, 0.06838563829660416, 1.2117061614990234], [-0.0006808881880715489, -0.06839456409215927, 0.9976580739021301, 2.0557467937469482], [0.0, 0.0, 0.0, 1.0]], "size": [0.5827814936637878, 0.19014880061149597, 0.37680426239967346]}, {"tf": [[0.9999991059303284, -2.818579105223762e-06, 0.0013173100305721164, 1.1901472806930542], [2.880284682760248e-06, 0.9999999403953552, -4.6840203140163794e-05, 1.2171196937561035], [-0.0013173099141567945, 4.684395753429271e-05, 0.9999991059303284, 2.446004867553711], [0.0, 0.0, 0.0, 1.0]], "size": [0.5436621308326721, 0.19749337434768677, 0.39128178358078003]}, {"tf": [[0.9999974370002747, -0.0022581997327506542, 1.2613448234333191e-05, 1.2278121709823608], [0.002258200431242585, 0.9999973773956299, -2.4121836759150028e-05, 1.4029523134231567], [-1.2558943126350641e-05, 2.415025664959103e-05, 1.0, 0.18153324723243713], [0.0, 0.0, 0.0, 1.0]], "size": [0.5422136783599854, 0.19124944508075714, 0.3628383278846741]}, {"tf": [[0.9999515414237976, -0.00984218530356884, -4.229355354823383e-08, 1.2819057703018188], [0.009842184372246265, 0.9999514818191528, 0.0001407933741575107, 1.4080636501312256], [-1.3434230368147837e-06, -0.00014078697131481022, 1.0, 0.5478184223175049], [0.0, 0.0, 0.0, 1.0]], "size": [0.5675250291824341, 0.17820240557193756, 0.36969223618507385]}, {"tf": [[0.9999871253967285, 0.005071200896054506, -1.2644277376239188e-05, 1.2646828889846802], [-0.005071199499070644, 0.9999871850013733, 0.00010724687308538705, 1.4021176099777222], [1.3187985132390168e-05, -0.00010718137491494417, 1.0, 0.9168666005134583], [0.0, 0.0, 0.0, 1.0]], "size": [0.567669689655304, 0.19242770969867706, 0.3682968020439148]}, {"tf": [[0.9999989867210388, 0.0014104265719652176, 1.8181963241659105e-05, 1.2377742528915405], [-0.0014104286674410105, 0.9999989867210388, 0.00012267105921637267, 1.406338095664978], [-1.8008926417678595e-05, -0.00012269658327568322, 1.0, 1.295459270477295], [0.0, 0.0, 0.0, 1.0]], "size": [0.5394379496574402, 0.18651451170444489, 0.3887195289134979]}, {"tf": [[1.0, -7.22943650544039e-06, 1.9553186575649306e-05, 1.1887843608856201], [7.2294419624086e-06, 0.9999999403953552, -2.9040216986686573e-07, 1.4056912660598755], [-1.9553184756659903e-05, 2.9054353944957256e-07, 1.0, 1.6832600831985474], [0.0, 0.0, 0.0, 1.0]], "size": [0.583556056022644, 0.1886182576417923, 0.3868493437767029]}, {"tf": [[0.9999591708183289, 0.009036955423653126, 1.6541805962333456e-05, 1.1795791387557983], [-0.009036955423653126, 0.9999591708183289, -6.705519126626314e-07, 1.4083303213119507], [-1.6547191989957355e-05, 5.210369522501423e-07, 1.0, 2.0716967582702637], [0.0, 0.0, 0.0, 1.0]], "size": [0.5852036476135254, 0.17805688083171844, 0.3900136649608612]}, {"tf": [[1.0, 3.641605189841357e-06, 2.433585723338183e-05, 1.2130008935928345], [-3.6411590826901374e-06, 1.0, -1.833300120779313e-05, 1.4079409837722778], [-2.433592453598976e-05, 1.833291389630176e-05, 1.0, 2.4520978927612305], [0.0, 0.0, 0.0, 1.0]], "size": [0.5755831599235535, 0.18411949276924133, 0.37078046798706055]}, {"tf": [[0.9998419284820557, -0.017777487635612488, -3.9065216697053984e-05, 1.9272822141647339], [0.01777748577296734, 0.9998419880867004, -4.9284975830232725e-05, -1.39830482006073], [3.99352065869607e-05, 4.8582707677269354e-05, 0.9999999403953552, 0.18427762389183044], [0.0, 0.0, 0.0, 1.0]], "size": [0.550835907459259, 0.19360268115997314, 0.36854785680770874]}, {"tf": [[0.9998877048492432, -0.014985130168497562, -5.233339834376238e-05, 1.8484089374542236], [0.014985129237174988, 0.9998877644538879, -8.852668997860746e-07, -1.4015889167785645], [5.234078344074078e-05, 1.0094479563349523e-07, 1.0, 0.565032422542572], [0.0, 0.0, 0.0, 1.0]], "size": [0.5500748753547668, 0.18859806656837463, 0.39282742142677307]}, {"tf": [[0.9993929266929626, -2.7793453227786813e-06, -0.0348387286067009, 1.9286589622497559], [-5.389092621044256e-07, 1.0, -9.523676271783188e-05, -1.4073455333709717], [0.0348387248814106, 9.519772720523179e-05, 0.9993929862976074, 0.9491046071052551], [0.0, 0.0, 0.0, 1.0]], "size": [0.583458662033081, 0.18528783321380615, 0.35510918498039246]}, {"tf": [[0.9993926882743835, 0.0011257209116593003, -0.03482721373438835, 1.8841229677200317], [-0.0011293672723695636, 0.9999993443489075, -8.502294804202393e-05, -1.4078506231307983], [0.0348270982503891, 0.00012430401693563908, 0.9993934035301208, 1.3046289682388306], [0.0, 0.0, 0.0, 1.0]], "size": [0.5565577149391174, 0.1834995001554489, 0.35844099521636963]}, {"tf": [[0.9993929862976074, 4.051724772580201e-06, -0.034838397055864334, 1.862739086151123], [-2.118724751198897e-06, 1.0, 5.552165021072142e-05, -1.4060262441635132], [0.03483840078115463, -5.541413338505663e-05, 0.9993929266929626, 1.678035020828247], [0.0, 0.0, 0.0, 1.0]], "size": [0.5589171051979065, 0.187928706407547, 0.38932085037231445]}, {"tf": [[0.9993935227394104, 0.00027794428751803935, -0.03481936454772949, 1.8278571367263794], [-0.0002792582381516695, 0.9999999403953552, -3.2873180316528305e-05, -1.406039834022522], [0.